-16342
2084
-10049
10117
2786
-659
-4905
12975
10579
8081
-10678
11762
6898
444
-6422
-15892
-13388
-4441
-11556
-10947
16008
-1779
-12481
-16230
-16091
-4001
1038
2333
3335
3512
-10936
5343
-1612
-4845
-14514
3529
9284
9916
652
-6489
12320
7428
14939
13950
1290
-11719
-1242
-8672
11870
-9515
9164
11261
16279
16374
3654
-3524
-7660
-6642
11146
-15605
-4067
-13348
5807
-14541
-16095
13723
-7343
-7441
2881
6265
11063
7422
-493
-9654
7987
-1033
-1377
14718
8010
-12835
3246
-3760
7701
3571
2373
-4543
-11417
-9007
-2452
9925
561
16056
8243
-5060
-10846
5155
-265
-14301
6546
158
-11550
14732
-11744
13275
6321
-6453
-2406
-14077
15290
6003
-11362
12362
10541
2689
-10113
-10554
10394
-810
-11286
129
7603
-3093
-7222
2253
5972
8384
7272
-809
-12352
-4331
10967
-15233
558
5341
-2417
-12953
14724
13808
1624
-5046
-926
-4096
11370
-6000
-1438
-7474
15826
-6625
7838
2205
-9961
8563
11123
-3353
30
12785
-15483
16208
2379
-14728
1027
-10024
11241
4154
5165
-9900
11212
-12342
-12781
7967
-6092
14453
-7009
-5363
-11787
7638
10965
6816
3285
8101
-8102
-11649
-16330
-14384
10035
11555
-9483
-12595
1744
-15916
-12655
-1490
8265
6100
1424
-13962
-2073
-9766
6430
-6869
-2074
-8767
2552
1068
4217
-11134
136
15173
6415
13920
-10159
-5375
-10539
16226
-1394
16319
-13188
4102
-13290
-2040
14140
-14796
12931
-6880
-8935
8817
-2925
-9765
4197
3413
-1585
-1102
3206
4415
11626
10774
4089
7239
2155
-4091
-10345
7796
1807
13274
-8425
-10192
3432
6505
2773
-4872
-181
-13749
7889
3672
3945
6263
9979
-11497
2492
12050
13486
3759
7461
-14967
5498
15615
-6061
2268
-6362
-10684
-12826
12093
11509
8006
-11308
-5671
-13783
-13873
4620
10486
1478
-1695
-2982
-6594
-1128
40
-11381
-5798
7799
-6098
10705
15043
12234
7374
-6551
14549
-12214
-14229
9338
806
3593
14946
-14015
12309
5042
-5828
-12949
166
-8942
-6871
13762
1677
5335
-12630
-244
-3960
-104
9613
304
-3854
6166
1054
3483
-3434
-16190
6812
-13086
4033
11903
-278
8105
-101
-3928
9351
1731
-4682
14933
4288
-10597
-4120
-12070
7972
14802
3670
-15471
-5575
-14551
4562
-12070
11373
11938
3175
7263
11599
-15902
-12239
6813
3839
-9254
-14222
-10848
4067
-5210
-5917
-4339
5276
9909
10056
870
3641
9771
13127
-11638
4266
-3197
-8070
-11909
11639
-14215
-2365
2404
-6478
1575
-8992
-6181
-12758
10094
-11969
-7069
9441
12951
9491
7989
3776
-4550
11687
-8896
11914
-8865
-8206
1390
15887
-14620
-13715
809
-2398
-13281
-7903
12830
-8756
-11581
-12284
14144
-13758
-14840
-14459
-5360
13589
-3322
-2202
14620
11049
1122
11210
6342
-3352
-7891
-16241
839
14903
-3319
-8483
2804
-8023
6030
14591
-2113
12787
-16148
14450
3328
9377
2513
-11716
-9098
-3833
-16243
-2689
-13688
5241
11636
-14258
10193
5311
6275
9919
988
6083
-11705
6210
7468
9101
-15365
12081
4736
6769
-13583
1704
14677
-14457
-7373
-11626
15787
3932
-6807
13844
-4340
6375
-9219
-11274
-8501
703
13182
-12896
13194
-1909
-13758
9244
-10754
15545
9040
12137
-9481
-1421
-16260
8213
-12646
-3122
-6188
16142
-15119
-8123
-10181
-8267
-11353
3943
12628
14388
-9972
9164
4770
5137
13407
-1459
13805
5380
-11443
4468
2279
-2554
14517
1330
2575
1195
-8018
-3376
-4906
-15183
9675
-9944
-14080
-3623
2974
-14059
-9906
-11275
4730
-1496
3418
6467
-1923
6045
-3390
11001
3022
-9843
14728
12321
-3548
15973
-10311
12967
2440
-1898
4173
6833
-14757
-7026
-7857
-3026
12954
6888
7486
12978
-3487
-3361
13234
-6271
-3666
2313
-4798
7658
8040
7746
7846
-11818
-9824
-7451
5913
13472
-4330
579
-12799
13351
-9729
589
5074
-2014
6149
-13420
-13776
-13900
-15472
-4748
-6316
6465
-11708
-3445
-14160
5759
7371
-9872
6358
3792
5076
1442
-13162
1487
-14757
15551
-1178
15400
7467
1015
5896
6318
-4190
-3649
-14746
10151
-10827
-14390
-6207
9322
-9421
-5835
-502
-16083
-1970
258
3472
8472
-3241
-4921
11228
14494
4041
16295
-14631
2060
11913
-3710
-6343
-7070
-15508
3689
-3565
-15773
-15366
-1451
11729
14312
-3214
7448
3657
10105
12302
2707
3114
-13794
9607
-1238
2970
2931
2268
10357
5661
-5125
-16048
-7624
-5191
-8778
8881
-4202
12120
-12554
7392
4225
12909
-10386
1166
13173
9178
15244
-9916
13158
9746
14857
11430
12791
4218
-10306
3832
-7700
-8170
7609
9441
-10782
7009
-624
-13713
10045
11644
-12299
-6308
2403
-885
8587
-10096
7464
16221
-15880
4838
6280
-10677
-14020
-7373
5788
11106
1857
-4219
9159
-8764
4530
-8792
-9679
15435
-7151
-15633
8822
-11408
-14844
-16080
-4961
4715
-5136
-2799
-2735
-13412
1481
6530
-5308
5162
12329
1163
2295
-14614
-1121
-7864
-2398
11906
-439
-13518
2157
6862
9125
11935
11487
-6782
11940
4749
8089
10769
8704
12187
13380
13518
720
-1960
-12856
-4783
10586
-2368
-10818
-16355
5160
8964
-14295
-13440
-3746
6026
10080
-11334
-11702
-14795
-5041
-15775
15677
4838
-14625
13571
4505
-2237
-15693
-8434
-3540
5047
9237
-15635
10684
-11847
4400
1652
15843
-1198
-9345
-6530
9246
-5159
-635
3540
-13024
15874
8383
-11439
-1428
6935
16343
9028
4642
3972
14618
6166
-6887
2201
-6868
1581
6959
-8308
1530
-241
14813
5565
8689
4043
-1777
9790
8046
16021
-9678
4243
13429
2992
13710
182
-347
-1647
12758
14431
-10389
-8127
-9731
7553
14455
4099
-15028
4632
-15252
1847
1458
-1758
-14372
16254
-12197
3307
-14733
-10721
5251
-5490
-6030
5033
-2931
-2375
-9121
5850
-10929
-80
251
9920
-2127
-16235
-5259
-4066
-12170
10726
7645
12817
4697
4935
475
7667
7772
14978
-1119
-4480
-12707
13260
10526
-1481
-12822
12106
8565
-15101
-2730
14291
-14163
-10981
-9460
-12552
2986
-12505
3876
2625
6236
7588
13620
5562
-6602
10121
-3991
16302
8930
-9685
-10794
-3661
-10445
2654
-9973
15078
-10149
-3875
-6422
-12424
-9890
-14868
8886
8554
12486
-16325
-1683
-2412
9881
-1266
-168
8172
-8568
1947
-13344
13829
12905
11699
-14429
-298
4327
8101
8391
-8003
13432
9568
-9842
1732
-14704
727
9515
6690
-15595
7594
1749
13573
12306
9730
-6375
-3442
-593
-14660
4980
-16355
8801
8395
-9183
-11312
-14498
5591
-15312
-5050
6484
9770
-2088
15785
4442
-6707
-754
12267
-13785
-13074
-11690
-11697
13697
-6267
-4134
10284
-14855
10296
-8519
13038
-7978
-7557
-9567
-8867
11343
12283
12704
11298
3581
-15043
-10697
-10362
-4721
-1662
-10319
12926
4032
1519
13490
741
7558
16362
15379
12040
11148
-11577
-4115
-7065
-10781
15524
7924
7098
-15371
4753
10247
7731
10426
-12299
7173
-4093
4910
13613
12769
-15329
8962
-1675
-16135
-8892
-2671
-11252
13731
56
-8425
8339
13321
-9388
-15331
8886
-8904
1855
10040
11535
-5517
1276
16115
12103
4813
-8921
10250
-4225
-4361
-15237
2009
-3346
-12458
-5736
13075
-9781
14424
-12285
11447
12909
-1783
-9105
4416
1969
4065
-2501
-15843
11932
-11808
-7621
-6816
5953
2014
15035
3514
9445
-2532
10433
7847
-11934
542
-15725
-16154
8137
-5443
13177
-1236
8779
-14728
4292
-15591
5978
15371
15
6763
-7669
10563
4805
3186
-7745
11280
-1308
8132
-4862
-15908
-768
4145
-3149
-3813
-15478
-6919
3174
12579
-2222
14141
-3834
1086
-16053
15540
11967
-2050
6542
-5473
3354
-47
1954
-15105
-3990
-8747
14331
11781
15208
3566
2752
-13878
-3046
-6379
-46
-13760
12281
-6413
9225
14185
2898
-9298
-7231
1990
12269
-8189
-6507
7443
12013
-8811
-10134
-1743
12791
2436
-15440
16228
-14442
3906
-7964
-10818
-12578
-8798
-167
15067
-14768
-13774
-5319
-7217
510
-309
-2874
13917
3312
-6810
-794
-3222
14789
1585
10975
9648
9885
3043
12127
-5961
14391
-7604
14527
7169
-12201
9008
-888
-10619
-15509
-15019
-1481
11872
-11923
-15909
-9411
10438
9739
9164
5194
-6594
9222
13812
11211
-8433
-40
-15629
-13902
-15371
-4711
7056
-2955
-10471
-6621
-10416
8025
-11968
-14475
840
-4624
10051
-11179
13103
-12064
-15425
-10438
10423
-8217
2317
-5016
1309
5404
12149
14173
14591
-12936
-11362
1900
9839
12948
-14007
12200
10565
-3660
1599
5635
-1607
-7163
14728
15799
7473
3107
-7458
-12059
-9897
3294
-414
-4740
-8849
-706
6285
14685
5608
15813
-8600
445
-8656
13043
-512
-5686
1229
2320
-5356
-4975
-10838
-6875
-9198
13855
7854
10060
4930
6118
-7533
8745
-14272
7267
11766
-5191
-14929
-514
-15702
11082
3884
1330
3410
2251
9089
4589
6447
8518
12059
-11206
-2506
9387
-15681
-2019
-15002
207
-7560
-14146
-8360
15796
212
3786
-14056
-4341
14927
11799
-5325
-8457
-6896
-14713
16145
-10732
-14125
-9170
-6523
9400
4903
-13641
-7773
-11911
-9255
2051
-10542
4335
-12880
-1516
8482
-5445
-14502
-7126
6367
12231
2215
12075
-13722
9680
16373
4424
3895
3106
3052
-10018
15692
-8797
-14997
-8550
-8023
-3053
9665
-7455
13109
-3950
7457
-9617
-14648
3427
-4784
-4546
5509
15599
-9055
12969
-5014
14861
5411
-9775
-7131
-4736
1049
-6848
-9175
-13119
-12886
6860
11266
5632
10458
-16194
-283
3429
14265
-6860
3468
8091
12250
13508
10817
3471
-6393
9314
-11464
1397
6195
-3452
16161
-13043
-2896
-15484
6142
-7900
-10845
-8891
-10190
11869
8628
-14823
-549
-14543
15114
-13598
2146
15157
2422
12408
-2991
-3173
-2834
5195
10596
14588
-7106
-16310
3810
-14763
5114
-2557
14893
3407
-9801
-2805
-5224
4035
10106
-16224
-12934
-3459
-7311
-6003
10625
11584
-6175
-9906
2120
-1013
16224
-2187
-4309
-2661
-3772
2636
12378
-5327
-3493
14780
300
-2667
3549
9069
-13642
-11429
-9570
-13521
-5987
-923
4232
-5479
-13784
3753
-11703
-7185
10649
-1996
16201
-9143
-12866
623
-7713
-16142
2499
8866
-12860
15375
-4278
13238
712
-9087
-6467
-705
-6205
-2804
8675
11194
-3633
-2376
7346
7698
-13388
-13705
8293
11370
4516
-4599
-818
-13290
-2775
-10211
-5140
13546
-8869
-6215
-11328
-5192
-10410
-7461
-9635
-10732
-5397
-14239
63
15194
10134
-1754
13533
-10509
-592
-914
6529
-8237
14310
-7292
-6568
10566
10474
4257
9669
-16147
-7832
-6896
14843
11779
572
6800
-7989
13797
-286
-13318
10682
-13870
-7122
-3805
4695
495
-2243
-11772
15564
-13938
-16213
13592
-2894
8367
-10234
-13050
-2518
5831
899
10624
11049
-7487
-16
12139
-11501
15427
1258
-9152
-14196
-9678
-9904
-10062
-9845
14968
3064
7825
-6737
5893
9376
13806
14039
11283
-7897
-12928
-14355
13231
-11523
12870
-4606
14965
-3880
-5522
6048
12699
-3928
-2186
5723
-7631
-562
913
9898
9638
8072
-436
10741
1935
-7248
-5007
-14609
13476
8615
-4309
-7130
-9461
-5748
-14740
12505
-8230
-3151
-11636
12297
3543
9295
-9933
-1582
8578
-2184
4472
9980
-10667
-5810
15178
6862
-9910
11891
-14833
7970
-15202
-12096
-13684
1727
2260
1082
-9211
-13854
-6402
-14271
-2907
-12002
-8136
10507
288
-7578
15989
13649
-12394
-7063
6782
-952
-6725
-5090
823
10195
565
-14177
10788
1783
-12987
314
14637
7311
-854
-1595
13726
1601
-4414
12595
5234
-12368
243
-12699
-7215
1523
9545
-4286
11735
8007
-1184
-4598
-1897
2816
-3963
4327
1888
-570
11032
-10298
-16065
-12803
-15052
-9116
-7996
-2939
6803
-1876
-12023
1444
11691
10048
-9231
13888
-6115
-11690
3502
-16046
14928
1221
-3706
-15977
-8615
12639
3030
-11383
-15841
1154
13655
5005
-9028
-3094
15264
-13202
-3290
201
-5396
-5622
4110
-8166
-6882
1099
13064
-718
-5630
5721
-1299
2712
-2858
13838
-12419
5398
-11511
-8277
-12727
-13040
6210
10697
-303
-1515
5028
-2670
4585
-13132
10833
-4304
12385
657
15148
-3450
7396
4280
-4124
10270
11553
-14288
7982
-4509
-8663
10452
9297
-7407
2072
-10658
-12312
8425
-2824
-7227
-10781
1449
-8478
-5943
-9008
5179
6502
5579
4697
-14547
-5586
14819
-5875
-6303
-11043
-4307
-7325
15110
-8643
-7837
4091
8390
2714
-7503
6952
-5311
7017
-15676
6572
4283
-12242
7205
-3902
785
11932
3013
-158
-15374
5629
1753
-4928
2379
8660
-15641
-16362
1539
8129
-7135
9635
10985
7334
-6669
1267
-3093
-13048
-3624
-13214
5512
-11080
6257
5596
7816
12722
8408
2278
-7702
-12731
-7630
7650
15646
-396
-9341
9870
3700
-4963
-569
16335
-4139
14680
-9154
4269
2481
-11614
14087
-1378
4664
-14789
5104
7943
-13107
4940
-9843
-8704
7607
16205
8327
12888
1562
12838
12087
3800
7206
7572
-11405
8396
-11377
-3121
3752
7104
10813
12650
-14295
-3448
3396
-390
-1593
8579
2582
-5382
2722
-4576
8184
-13714
-13249
16288
-14926
-3385
-12838
-2786
-2165
-7545
-1539
-9011
-7820
4645
12881
12418
-1660
-2893
-8779
15218
7844
-5186
7309
3388
3980
12918
5980
-8662
-12818
1038
7062
2227
-15888
358
-1361
15429
12768
6632
-8328
-12990
-7645
-1104
3499
-14775
-3729
-12561
16324
7862
-15045
-16239
5907
14956
6771
8221
-11760
5842
3695
5341
15598
-14053
13350
11840
4211
12747
2463
-11396
13062
2422
-7767
-10633
4106
10955
5580
11752
-1686
15826
5247
6841
-14475
10354
8091
15537
10989
-6090
-12528
-9649
-6822
14673
11223
-8199
-9308
11999
-2264
-9642
14049
8301
-3604
-4104
1900
4284
14453
7742
7735
-3646
1645
15736
4194
-5646
-2292
4173
6412
-323
5518
-7590
-12951
-14247
-11803
-1508
-10476
4801
11691
-7664
10407
4093
13658
-13032
-8054
-93
6591
6689
-12792
-4194
-596
15107
-13144
-1490
-13330
680
-5702
9520
10622
7793
2096
-14688
-10244
16085
-2385
4700
7256
13132
11238
13610
-557
-661
7455
8445
-3802
8016
-7405
-4492
-15360
10560
8451
-2140
-9034
-13681
-7676
4119
8758
-5696
-8037
-492
8254
2030
-4983
6433
15307
-3221
-7448
12743
3027
3494
-5001
9877
10806
10322
-2509
-13720
4339
15812
6183
-23
-10345
2205
-8572
11862
-6916
16042
10484
-3194
-5841
-3320
5164
14119
13234
-7284
8640
843
14820
13665
4668
-14813
-7747
-6925
9584
-7927
-6978
-4852
13579
10436
-8408
-5827
-8852
15112
-8339
14208
10420
-12995
2532
-8933
-4064
-10111
9408
13000
-6250
-14608
8259
7186
1917
1571
-4305
-12798
-14126
8950
-15490
-5893
-6280
-11633
850
-5661
7888
3228
2607
13955
5258
6875
2664
-14031
-6725
-15904
8919
16300
2607
-6381
-815
-11961
512
-10248
1625
-4022
359
5811
7316
6805
3795
-12341
14974
7558
-14536
-8914
-38
-12003
15530
-1419
9327
3678
9002
3690
11121
-6921
16320
11719
-5314
-11229
-12854
15169
15691
2766
-12653
-14139
-5539
-3334
-2265
7682
9980
3169
12390
2087
13348
-9636
-8872
-10514
-1985
-5885
-9280
10969
9296
11670
-3340
-1861
14705
-14820
9451
-6533
639
-9143
5528
-6891
-10732
12197
-906
11233
13493
2795
-11163
-1768
5965
10415
15796
15252
474
-13500
-14721
2519
11879
3037
3387
2639
-7110
9458
-3697
12505
-12466
15334
-14491
-2685
-5116
-4634
-16318
-5994
-9451
9236
-302
-14380
12747
-3355
2248
-1794
6769
2247
2789
3481
-9976
-4088
9045
13298
2107
10227
9794
14688
8853
-9924
4260
457
11250
10654
7510
6247
3891
-3390
12399
15820
1078
-8093
3279
5924
4614
14768
2040
-7493
334
-9743
12320
-10817
-11500
7278
6276
1862
4003
16268
16382
3218
457
826
-14886
10900
12867
1675
-7962
-16208
14198
10404
-13112
-12096
11616
-3879
8596
-14245
-5683
-15853
-13922
-4265
-16178
-8843
2445
8076
-4761
-1985
-12623
10715
-3448
-5902
14231
3184
2110
12213
2778
-8637
-5845
-8713
4155
5093
5172
8534
-12
377
-10631
-2625
-950
15872
12682
-15657
-13982
-13349
-3624
-5990
14165
10890
2409
-190
-3450
13754
720
-12693
11828
-2689
8285
16244
-8885
-15394
-1135
-12504
-4736
-5234
14548
-15714
14492
9215
9066
9053
8216
3740
-14940
-14652
1771
6478
-11949
-6998
7584
-5567
-4990
321
13483
14570
13925
11840
2301
14409
6284
-6335
16086
-2453
14428
3431
-293
-10956
7360
-14779
-5784
91
-9188
-15877
-11225
1206
-6525
11426
1506
-4936
-16343
-12565
-7019
1592
-16357
8706
-13880
13683
10029
-9543
-3813
-1707
9012
12258
13603
1268
4726
-8196
3700
4702
7007
14867
2303
-11628
-5002
11745
9119
7894
14479
10041
-12818
-12511
-15551
14502
-1955
-9737
4506
-9905
-5500
8542
4882
14877
-11338
4395
-10562
-2528
-13863
-3456
8390
8751
10868
6292
-3047
-49
4618
-13646
-7073
-10409
-8793
3973
-15312
15697
-5448
15762
899
-14558
2335
-2810
-11671
-3346
-11385
-6478
-9221
-14666
-7691
3156
11664
-5437
2720
13848
7732
-15544
9475
4446
-13738
-12989
816
3262
-2111
-15708
5479
15689
-2610
-13903
-5145
10514
-12841
13225
2820
6894
-10258
3751
-14982
-7305
1999
3786
4353
11095
1556
4755
2338
15043
-5720
-14706
5192
-9659
9598
11317
-8422
12479
-381
2065
8712
-15699
7633
-1246
-6876
-2390
4901
-13439
13876
-15562
-9325
8260
1285
-5706
-16264
13474
6658
-7492
8881
-14760
-9468
-8311
1546
-15542
-11668
1232
-3847
-1426
11376
-15683
-2931
-11290
7858
-4554
-3935
-11156
-4585
-159
-6059
-4109
1750
6502
-1345
-4213
-9521
16246
-11299
-4474
-1505
-9460
10702
13017
6641
-2190
6722
-6971
-618
-10616
-976
-5706
-2599
-15679
-1593
-6549
-5492
-15762
1702
11351
8807
4159
1615
5703
15635
-762
14041
6214
4993
7871
13286
1725
-3456
-3890
9685
-10017
-7281
-13945
-3783
-5564
-2065
-14093
-1399
-44
-13827
9425
-11751
5095
10431
-2596
-9144
11691
8637
-5556
-13829
-14395
-8942
415
-2741
2619
-62
13721
-2437
-9327
2126
13450
1325
3378
-9850
4303
-1579
10002
-6241
2459
877
5778
15237
-12040
-6805
-15196
-16270
-3320
-11792
-10449
4032
-15727
13378
8629
12028
-4424
-132
2355
-3013
9741
-10876
-8376
1201
-5432
6718
-1894
8575
-942
-14593
630
14029
-1528
4677
-9290
-7911
9019
16293
-2840
-9010
-10117
11268
-1108
5145
-15851
-5622
-10914
16120
16346
724
11509
-13932
1570
12009
6187
-2864
3089
7024
6111
-6878
12057
4000
-2121
5026
12224
1655
-12023
-10912
-5212
4271
13564
-4869
-1860
4846
-15894
-9617
1504
13373
10249
-8913
9356
4283
-7861
-9100
-8223
1170
8322
10708
-15124
9003
15304
-11754
-16341
11934
5662
-4027
-2995
9069
-13229
14083
-4550
11377
10536
9248
-9645
4884
9393
4715
7931
-63
-3330
7624
86
7833
-6661
3459
12624
-920
9877
14564
-2590
12247
2334
6660
14993
8931
243
734
-15049
4237
-2212
10409
-7419
2771
2483
-1690
14281
7392
-3383
-4171
4717
-8832
9093
-10004
-5440
1494
-12594
-16022
-4998
-8111
-4949
-1239
13178
9180
-1879
-3437
7505
3925
-4226
-14953
-11260
-9919
-12309
-12037
-2546
-14402
8935
10228
-91
1208
-12551
10740
-9922
608
15078
10947
12115
986
908
-7983
-2204
7734
-14066
3531
-14788
-14942
-10447
5484
-9355
15070
11526
-2410
1598
-4880
10186
-9567
-14500
8984
-10998
12019
-11153
774
12298
-816
-8073
-14517
-12696
-3212
-12906
14862
16381
-10145
11288
-14336
9732
-11791
10928
16274
-14978
-16330
-9212
4197
6357
6147
-2708
7937
9407
-3006
-5385
203
5221
-11894
3248
13361
-7995
10227
2335
10536
1876
-10456
-1774
11736
5096
6333
-10083
5013
470
-4925
4447
8210
14423
13466
-1529
7889
9777
-4089
-4329
9950
-16237
-12154
-5912
-5955
-5824
5858
13038
6305
-17
-4350
10302
-14113
8946
15878
6477
-14175
-7401
5779
16123
-9505
-4404
-14486
-8496
-9845
-1914
14400
1157
6412
-9117
2250
-2874
8174
-14066
9751
15670
1752
-4125
-13790
1460
5310
83
6568
1757
-5289
-3446
-11209
-13871
-10286
-6832
-13688
5434
7109
4909
3854
11147
-15770
8913
5327
16006
-10755
-10574
12403
15361
2457
-8201
12186
-10263
11010
-10091
-1421
-2169
-3856
10424
-3189
-7678
-1670
-9372
2530
-9690
3281
9820
12612
1379
-2002
10563
13526
-15335
5385
10241
6128
-8429
-12148
-15256
-1750
11857
-14521
-1256
11194
7434
-14043
-6241
-1283
12017
-9825
5093
-13229
-5448
47
-10552
4912
-12846
-760
1539
-13456
11646
13828
-172
-4629
10497
-4130
-13090
4938
4402
10145
-5940
14617
-5828
8288
-7113
-8931
-7008
-1752
-2743
-7449
1657
-8397
12451
-2135
-14844
12382
-3587
-6071
-9121
8669
14348
7604
8081
16174
-2135
13173
3787
-10933
10799
-9082
-3090
7716
6949
2661
15948
-16308
14621
2667
-1357
-2317
-4645
3418
3240
-2540
-15942
-13003
3312
-8465
-12724
-15020
-3755
-10054
-15295
12471
-7770
8596
2186
-15717
-8704
11194
11454
-12981
6732
6909
-14660
-13511
13065
13940
-5230
-435
8012
8814
-11875
6525
1028
-2390
-8718
10398
-13181
1227
8445
10873
11322
-7418
1640
4386
-4668
3870
15422
7301
13095
15762
5457
-15550
2902
10517
-5415
7611
250
-2498
-16035
1898
1649
-127
13527
-5511
-7401
7518
-4077
-5748
1477
16088
13144
-9246
-8040
-6615
11850
-12388
12788
-8780
12559
1628
-8504
14651
-1871
8210
-15853
-2222
6851
-6125
5543
-10477
-11192
-1940
-10195
13844
16336
10101
-11159
2710
14052
-3159
11711
-12801
-7516
-7756
5622
-5237
16303
206
4157
1854
6467
2376
-6805
12573
16294
-13980
11659
-10083
-572
-11158
4760
5212
4633
10232
12421
4623
11985
15258
13952
-15685
-15058
11930
11640
5929
8235
2074
2013
-8044
4703
15711
-8537
10660
15139
-3472
-103
7072
9975
10464
12487
-15393
-12510
-12056
-12970
-12929
15513
-3911
8067
858
-11742
-10737
7142
11830
441
1546
-7688
9020
-3789
-8390
9684
5804
-11743
8696
-6342
1742
-3849
-11523
6617
-11476
16238
11309
8910
-11266
-8666
4020
-12440
1510
-5744
12628
10542
7645
3595
-5635
-13533
6509
10061
-5729
7240
7970
-4347
15164
4963
-15557
-322
-12479
-6145
1188
10503
22
-11084
5673
-4655
-15116
-12632
-14364
3608
1783
-10666
9463
710
-13196
-14962
6529
-9516
11916
16061
13514
-15182
-13055
8559
-9279
-14615
13385
10258
-87
-5121
-5663
4861
11535
-6758
4836
1201
1791
-5399
-5924
-3234
631
-10688
-3880
-11351
-2532
-14846
10431
-8020
-11732
-15164
7907
9534
5300
15535
10201
10869
-12797
14886
9865
-4246
-13986
-15959
6785
3644
11765
15610
-6001
12888
11286
-15490
4494
-15369
2721
-15899
-13440
-4888
10428
-15090
12509
-9585
-14393
-5084
-1493
-7890
12691
-14834
-2609
-7069
3790
7686
12835
10482
450
-1145
3528
-3131
-9920
-9875
8766
6705
-4138
-10152
15537
-6277
2888
-4015
-9962
-1125
-12226
-6736
-11401
1855
7739
1340
-15477
2323
-6194
-5227
13962
-4032
-9460
-9265
15167
-14286
-4547
-5792
-2977
-11873
9430
-1732
9497
11461
8360
-8642
-5138
-1805
-11434
5322
8131
3402
-7156
-7759
821
11973
7534
-10156
-15828
-6281
-2097
3085
-4685
-7404
5028
-3894
-5625
-2893
14392
12027
749
10706
10913
-4433
6729
3739
-3854
-8711
9453
1894
-10830
-2407
-5713
-7298
16269
-14632
14014
3368
12618
-15948
310
-1311
1533
-9667
8945
-14872
15742
-4545
10913
2556
-4839
-15327
-3557
-3481
10375
8205
-4362
6203
-2275
13394
-3755
5596
10564
-3834
-15103
-3138
8745
-2321
-5957
-11664
-5706
12708
-12336
-2598
6848
-8977
-7699
5571
386
-1674
11573
6038
-438
-2918
-367
5477
114
1952
-11193
-10706
11666
4622
-8497
7005
2292
-3240
994
-6253
12104
10172
6099
8870
-1383
11371
-16094
16105
8832
-4375
14927
-15443
11416
-13386
-6676
-7929
-16079
-8146
-5898
-3884
14409
13230
16229
2299
-3400
-1032
-254
754
-11350
217
15481
7300
-4526
-7415
-14673
5585
15325
-13742
11349
-3946
-4699
16116
16318
13486
12200
12873
3309
-8743
-4296
-1371
-2573
-10563
-1548
-14720
-5768
9514
2294
-13609
-6249
11170
3150
12495
-14097
9241
-13649
1692
-1034
14329
10601
14241
11409
-9879
12439
-12328
2530
-15921
8090
3701
7777
14739
9670
3014
-4561
3367
4954
-2466
-12377
-11452
5814
11122
12853
-6026
-9784
11907
-14485
-15398
5064
-15299
-15791
2342
-7387
13472
8445
-1045
959
-1955
13412
14359
13654
-10877
-9616
-11330
-6590
12122
7763
-12774
-2459
3471
13082
-4144
9823
7826
-891
116
1792
14653
6678
-2736
-765
8630
10344
-671
11513
5526
11458
3747
-7293
-7349
-8468
-10097
-12860
4283
-15039
16353
5654
-10967
-10490
-14434
14588
-5539
6394
2902
9817
-1793
-6098
11942
735
9285
-6377
-6654
7625
-1842
-16158
-847
-4403
-15667
14087
-999
12364
3945
11553
-10179
-5683
-8860
9981
-14972
-343
-16133
-4879
7100
5383
-242
-13713
-5538
-5877
-7295
6873
8724
-8117
-10526
6295
-2184
-3709
-2228
8808
-7393
13449
14475
-5387
-7466
11907
-12416
-14676
-8149
11863
-4921
3019
-8144
-12957
2712
14523
-8069
-6033
-11797
-11104
1393
9439
-9504
15918
-571
-10707
-13219
-9026
16187
-10345
7929
-6239
178
11797
1817
14260
5473
1678
-13736
-10444
3425
-7093
1069
-15404
16235
5036
7624
5901
8164
13594
-708
2230
2326
-3012
12259
-44
-10047
16238
5118
9651
1746
4975
-14947
12086
6514
12121
-11585
-12181
6722
-15145
-1351
3682
-3867
-1902
-804
-7360
-14656
-14612
14930
-6001
-10243
8433
12105
-1064
-10794
-10870
1876
4468
15888
6900
-12019
10655
-13371
-13199
5376
7118
-6809
12350
-11324
11331
11266
-9788
12139
8158
4033
-1006
-15331
-15818
3508
-16245
-3073
4584
-1328
-2596
10841
1839
56
11058
-9735
10421
11451
2985
15058
-7511
16285
3591
2793
-11246
4250
-13142
-10638
1635
14632
6591
2869
-15537
-7427
9141
-9417
-802
-8239
15857
12951
-1087
-4507
8644
-15178
-14365
-12092
15258
-2918
-192
6088
-10124
7317
3834
-14367
-14440
-1759
681
15122
-15226
15119
-8717
-7108
15663
1249
13406
-10337
-14238
-10380
-3231
15518
-8057
12770
4801
3266
13967
-5978
7963
-15358
12587
-2047
-11588
-6590
-5060
-10851
12473
-487
-13173
1393
-10691
-1833
-1093
-2588
-2531
967
-8068
-6347
12978
-12623
-6399
-7654
-13849
-10333
11699
423
-14447
9201
-5593
5234
12799
2683
6733
-9995
-6958
-3282
-10773
-9933
3599
12238
-11190
10655
371
-11790
-1488
3897
-10745
8784
1037
-12038
500
7482
8313
14450
-5993
6249
3806
1456
3800
-2566
5746
-9630
-5704
2230
-5783
-8131
-1238
3478
-14232
11935
12580
-8570
-1476
13171
15093
-15766
-5172
9046
-14119
-417
3148
13559
-5685
3139
14772
11204
-1126
6775
-11919
-2621
-7873
14563
14682
-8003
-3218
-10437
-2843
10914
-8341
-1919
6811
-3799
-6113
16332
15817
-15177
15723
14919
8313
-7550
-8772
2684
-15968
-9738
13792
-10029
7065
8536
-3304
11605
9938
-8791
15214
5814
-2874
-7731
-16312
-15725
-2261
10476
-8386
-5384
-14484
-12263
-15063
15653
601
-11471
-14468
7570
3102
4358
-6184
-4816
-12175
-9539
13786
13298
-11504
4725
824
-11124
9323
7466
7692
11643
3741
11224
1391
-13499
3745
8163
-13238
4098
-4669
3766
7785
-3045
3924
10410
7121
-15278
-14686
1834
-428
258
-14040
9750
15714
-15704
4353
3172
9250
-14429
-15453
-6131
3521
3896
-3895
8487
15371
9689
15793
10318
-968
1703
-12152
1097
3592
13877
4131
-7445
274
-1393
3055
12598
-936
-11141
8235
-313
9248
7678
10836
12398
4607
-3550
-7711
-14820
4919
-15881
10545
14338
8515
15064
-5438
12023
-14161
-7697
-10589
7194
-3539
2300
5164
-3143
-15898
81
15340
3954
270
10785
11747
-1128
-14917
-11525
6129
13273
-13065
-3182
-16241
4893
15123
16319
-5699
-1360
13887
9929
-8133
-2908
3928
10467
2812
-10895
-4863
9718
3800
8415
11509
2465
-9599
13862
-4196
-1921
11960
1875
476
-7512
-2367
-8211
6449
8058
1300
-295
5632
-2407
2133
1915
-16344
14900
-13178
3614
12763
-10614
7292
-15466
-6996
-1363
-10353
1059
5352
16006
3990
-12903
-4310
-5606
-15597
-8002
15402
-15861
1962
4596
-298
-670
14552
3352
14500
-14197
-287
4265
-14298
-1631
-15862
-7123
5599
-9747
-8695
3536
853
10409
10682
2895
-12185
15113
10003
4628
-5407
-8836
-4262
6819
-9138
-9681
12181
15156
-13811
-14126
-14013
5537
15271
2976
-5303
-9085
7008
7577
14127
13208
9484
5650
-14708
-4247
14116
1392
9407
-2007
14873
3889
4320
-11297
4584
-6868
7159
7112
-12817
2073
-2197
-7946
2815
-3757
1981
-15298
15282
2525
3957
-15023
-13569
4771
1629
3369
-13045
-7677
-3858
14247
12866
6796
-13304
-8070
12455
16134
-7962
-2238
-10392
-14414
5456
7925
182
7379
3090
7298
5587
6764
10670
6325
-9875
332
-11954
14683
11306
-1720
-4612
-10842
-124
2248
7189
-13869
-5417
9605
1787
11785
5816
-15728
-12533
-2939
-3447
-105
3023
13044
-6070
-8860
15988
6944
690
7078
-14210
-6449
14719
9204
15034
15080
-10230
9743
4212
-14888
12830
-13977
10987
7476
6922
6113
8450
7840
-11531
1496
14136
-10257
-8590
15202
5082
14988
-939
724
888
7704
11716
136
-7787
-10668
1169
6109
-1630
-8126
11207
8576
-3026
-5497
-8574
-10518
9303
15636
-16124
5930
-13948
-15355
-12282
-5915
6486
-15927
-9652
-8805
9691
-4988
14460
14891
-3067
-1359
14128
2202
-10661
-7412
-6326
-2288
-8209
-11345
-14200
10275
912
9339
600
-10152
13120
-14151
7917
-793
5097
1025
-878
16319
6475
-6565
-5826
-822
7737
-11355
7273
9330
-13051
6709
799
10084
-5063
-9025
4691
-12396
-7289
-11400
4981
10881
3331
10363
8007
-5958
9872
-3220
15084
-10591
-2152
6236
-13503
-11665
-255
3565
-11663
-7304
15708
-12617
11204
-10575
-4257
-1558
14776
1135
-13163
-6348
14931
9073
7764
12773
13751
-13023
-15632
-175
15095
5911
-3794
1141
-8407
-6689
-12293
3806
12989
-8964
13918
5319
8461
4140
10156
4226
-4556
-9746
-8197
11033
-14556
-1214
1240
-1484
6131
-5968
-12739
-10947
7286
-6005
15293
1475
-8431
-6537
10754
-10468
6605
8233
-9095
-14001
11691
3950
-12468
-5327
9273
13679
-6767
8141
-4254
11059
-14399
-11511
-9334
7013
1643
-7801
-6181
2392
-10967
14282
-1831
2376
-3628
-4966
6461
-12829
3060
-9559
15616
12039
-16262
-650
15030
3534
-590
5490
-4323
14792
-7309
-10398
16118
15239
-3175
11012
-5357
10337
9908
15605
-5454
-7311
14594
-6190
-16375
-4129
-15461
14493
-1246
14433
-2580
4707
-8471
-4094
870
13596
-9084
-4061
6519
11219
-10014
14271
-3654
-6649
-3945
-4109
-11157
80
11751
6589
7965
70
-6880
-14076
9135
1950
11054
4312
-3204
-15722
6761
1276
-5422
5524
-9807
-2911
4262
-12791
6589
-15755
7813
-9572
-848
-548
-15154
-12667
7149
8573
-225
13366
8237
6913
3341
-3263
8143
23
-7400
-12938
14191
5308
10205
14155
4281
1721
4494
3970
-13441
621
14240
-1531
-758
1228
11459
-7659
14766
3752
-2793
-6237
-9055
7472
11421
15358
526
2998
-3604
12719
-6300
-15691
-5851
929
9716
-10222
-5336
6022
-1093
1186
13576
16245
5756
4845
11197
16088
5395
11057
2073
5765
13061
8362
-258
-9173
-11685
9233
14797
8432
-10319
-157
13089
11096
3210
16099
-13378
2153
-1050
-5278
11204
14349
-745
14782
-15319
-1865
-7984
-11351
1125
-2487
-2945
7595
6255
-8138
-12324
7786
-15639
10979
8386
-5334
10135
84
-5825
15760
6678
9220
-7193
5803
-15157
-12780
621
4917
15385
-15960
14964
-10987
-11817
8847
5282
9769
15617
-12766
12790
14403
-5715
15214
15196
9841
1345
9877
-4225
7042
6884
2929
-15649
-15931
-11214
13179
-14813
-8172
12852
-9493
-14672
-14319
-11633
12577
-8838
-1616
5371
14404
-8166
8182
13559
-14295
-6110
-13568
11196
14454
-6995
2886
-4497
-2553
-5574
-11743
-9062
1936
13498
15243
-3363
-14972
4071
9510
5601
-14026
6616
13953
2446
-10433
5074
16022
-6018
-14049
13666
2711
12209
14887
13736
6634
12930
-1130
-266
-11406
2777
5122
-16230
8208
-9821
-12807
-11529
3689
-5249
6633
8667
-7190
5562
-14531
4364
16138
-8322
-10039
3876
11983
-13498
-1944
-13665
-7276
-11115
-12829
15667
-8951
-2584
15637
352
14715
-13591
-12467
9799
2646
8933
-13324
-2625
-11800
6016
-15248
-8026
3687
-1112
5959
1397
-2506
14023
11912
1303
-13980
-8131
-665
6652
-9098
12045
295
9577
-16282
4566
-14019
10002
11243
774
-13646
-11542
2555
-4790
713
14650
-11890
13385
11490
13552
2726
13713
3998
5178
9356
-10799
9540
12116
348
-4534
9059
-7777
-9533
11904
9657
6386
-7160
-14795
84
-4300
-12983
-5225
-777
555
3080
4537
1983
-625
3302
-7360
3846
2915
12973
-10913
6792
7813
-14700
-6395
-8764
-13437
15807
-8108
-13914
9136
-2042
9814
-7838
-14729
-9225
-2325
-10589
7408
-3042
8454
12517
-3151
-3708
3353
1055
-6425
14197
10702
-1370
-11099
-11130
4344
13902
-13957
3287
-1847
-13102
6987
-9834
-15035
-7306
9816
452
-12810
11754
-8032
12348
11234
-11150
14188
10993
9146
1348
-5339
3959
84
13617
-8855
14533
-3749
-11384
1374
12857
-15802
-2760
-442
-9252
-634
15156
-7084
9192
-12284
-2020
-3138
-1657
-16182
-9959
7700
-8994
4352
5641
2512
12362
-10213
-4900
12334
12009
12369
-5059
3390
11357
1872
-11915
5687
460
-6353
-627
-5618
-13269
-13403
-14925
-4025
-8259
-10375
8928
-9716
5334
-455
1207
14716
-11803
-2513
-13393
9029
-2383
1681
11892
3701
3299
1528
3723
-6515
-7739
7443
53
983
-4791
8605
2455
-518
10829
7564
-8937
3276
-15331
-10612
4873
-5273
15674
-5717
9867
-3713
-3238
-12458
14765
-10509
9391
-9340
-6954
-10847
-9620
3633
5475
7551
-9082
-14322
16272
-12568
4791
14199
-6244
-4301
-2359
4517
-14808
2954
-1007
-5083
3041
-519
4154
-13688
2142
2246
6468
13405
14411
15361
5323
-6308
-312
-9893
15501
-1564
3596
10812
-11225
424
-15538
-1009
1055
4773
-1563
14049
-6617
10839
6574
-15830
9888
-9428
-6994
11242
-8354
-13255
-14344
-14856
4011
-7893
13265
11671
-10866
7809
16147
-3765
-13235
7673
6607
-14101
13360
10056
4918
5110
-14456
-16114
14010
4650
-7952
-12791
-15248
2643
-10541
2697
2233
-11422
12334
-476
-10463
-3138
5783
13738
11399
-13601
10623
-9892
15487
-1768
5812
-3240
-4620
-1612
7209
-1448
2834
9029
-10502
-2916
10338
569
939
-14555
1847
-15954
5041
1316
-2230
5768
15411
-11342
-1119
-8000
-7663
13761
14005
-2306
1830
-11181
-7725
-12181
7370
5866
-11325
192
-8293
8255
-9560
15012
8318
822
-4825
-13260
7904
-15342
-2357
-13853
-10174
-1563
-15448
-9340
-3852
9291
-12481
-8283
6688
2392
-1374
-9953
6411
12239
-4647
-9493
-11368
-13931
10371
-6601
1550
8805
1472
-4423
1562
-6460
14159
-1724
14104
-10440
-1036
2201
5006
15285
5405
-13185
-4103
11096
16324
-14570
-9523
-936
13463
-9112
15799
-4039
-3241
65
9253
-4030
-8834
-2495
-13560
-4558
-7132
-10193
-8744
15663
-13021
-10608
1241
-2305
-11398
-6280
10398
-16006
9967
-10335
3787
2111
3833
-3654
13343
-345
13532
12289
1969
-521
-9962
11284
-5255
5082
-2054
-16124
7699
-10994
8603
5036
-3648
-14243
2283
-2751
-2898
-561
3620
-11222
-4487
9758
-14233
12049
-10511
15978
-11613
15930
10782
9262
-8263
-14573
15745
9587
-9762
-12787
-1379
-7869
4416
6827
8886
3169
15852
-15912
-39
-4553
-10001
10878
10012
10768
4283
-16300
12327
10375
-9011
-14088
1523
13631
-2931
3901
13522
9429
11638
-10042
-9808
5907
1142
-9772
5784
10599
-10600
7004
12410
11667
3296
1885
14891
14501
16246
3952
-3923
7722
5128
8609
11441
11167
-9367
-8323
3418
14376
12926
-13460
-16316
-9083
10842
-8127
2757
-6335
15272
-14576
-1934
-7892
2377
7999
-11547
13836
13887
3296
-14658
-10864
-11574
318
-9752
-8059
9424
-3658
5918
13900
-12414
-3895
4781
-2420
7741
-8849
11387
-13532
-2386
7341
13128
3684
13882
4457
-13004
8572
-355
-14722
-13951
1844
13777
-244
16283
5854
15665
8465
8021
-9335
9182
11838
5750
-3208
-10142
16131
-4236
979
7571
13293
-12929
5275
-14662
4401
-5695
-5917
-267
14473
13797
10046
8154
-2754
2006
-6540
-9379
3718
13001
-3463
15604
-11247
12669
-8801
-14855
-10017
-14911
12810
10575
-12204
12600
-10396
-5560
-15986
-5287
211
-7482
1270
-1863
14120
-2911
-16363
-14451
-11430
-5559
-11350
13674
-718
-13651
-4103
8784
583
9307
-15515
13543
6445
5096
-2239
13320
-6934
2450
-4380
6527
-13143
4644
-773
-15856
-1101
10010
804
-8520
7578
-13818
12216
2868
10935
-4302
-12825
11720
-10025
-1145
-9205
1081
1074
-9811
-9162
539
9373
-5516
4877
-7085
8960
-11149
10458
7636
8969
-2321
-7972
428
5410
1022
-9502
-12732
9377
1515
4888
-541
-10689
-11299
5152
117
-5428
14772
3940
-15733
-9695
-10444
-12373
9634
-1451
-1435
14827
-12888
10036
-1735
-12194
-6212
-532
-12688
-5160
-12746
266
-583
8024
11751
14501
794
-1571
4258
8921
-11887
6779
-3846
2168
9468
-13651
15182
2555
11062
4845
-8189
-1857
-14205
-638
-9455
-12178
-1234
-1126
-11071
-6982
8816
8344
16309
5970
11412
10159
6184
10766
-4007
-2128
10359
365
13720
6432
-2336
-5310
12582
-11634
-16246
15786
-2052
-8413
9670
-7615
11669
-3205
-5227
8598
-3688
1203
-2454
-15652
-12105
1476
-7631
-11294
15575
3855
-9329
11589
-12175
9273
7788
1764
-7880
3128
15791
12436
9724
-4178
6216
-15595
-3122
12662
8052
-8891
-10651
13693
-11716
-15980
1984
2516
4671
-6216
2829
9731
13746
-10590
-4406
13471
-1371
-9552
-1494
6943
16264
-5084
-13894
13291
9453
-9771
8004
-4426
-880
3108
-5901
-13554
10644
-3022
-15431
-7887
-10737
-1200
-786
-4829
8649
1719
-10438
4093
11841
-7302
5812
15240
11249
11960
6219
-1014
-13101
3606
-1946
5216
-16348
-13204
3271
8269
7016
11967
13749
12562
-11090
5488
-13734
6207
12821
15794
9322
-11064
-11633
14145
3845
-10661
13285
-7598
7391
2801
-9732
2501
10654
-5468
-1194
-4702
2691
-2624
-10533
-11837
12877
-9956
5850
-6962
-13222
11435
-6837
4967
4880
78
5463
7075
-6789
10988
1562
-2881
-8137
4037
8871
-8430
-623
-12797
9036
12352
233
3730
-3048
12209
12635
-7118
-7013
5953
10142
-3637
1261
3129
13099
-13568
-11278
9343
6818
-15610
8923
-13303
15210
7607
-11792
7831
-13160
-10526
-13683
2466
-14061
-3098
-9621
-13681
-15115
4991
-11231
7465
12852
12255
6379
11854
-10111
-14591
-4183
9960
1136
-8902
-13013
-7392
12762
3601
-3669
10702
13696
8016
-101
-1997
10736
-13733
-4190
13802
9133
12225
1505
-6884
-3958
10513
11386
8948
-6569
-4881
-10413
3154
1215
14694
-10985
-9532
-4495
-1920
12670
-12878
-642
4884
3279
13272
-2302
-6688
3235
10489
8711
3287
-13845
-9262
-14938
-1860
-8140
-4018
-11665
752
554
-11784
15116
-3191
14171
2741
-16352
11683
10046
-3661
13173
-2565
5492
-14691
-2473
1978
-3251
3345
14139
-5234
10894
15443
12965
-15105
1394
5955
-1208
2561
-10258
-16244
3438
-10043
-12743
-8417
12698
-8235
1164
-6432
-3476
3168
-13273
-9826
10694
-3374
-15980
5193
-5843
9640
6191
-929
-16014
-4477
16102
8616
11665
7547
-15810
10275
9433
-7499
3990
3648
6221
-6600
-592
9039
-8373
4604
15981
-15815
-10389
-15804
7640
9326
15274
-12242
12902
-7906
-2360
10889
-7555
-4948
-2834
-3866
-7374
11360
14484
-15118
5207
-3492
13986
-14845
-8779
-2607
15829
-5392
-3690
7026
-4763
11814
6279
8745
-283
16376
-5541
2057
-6294
13111
6259
15237
5103
-10237
11581
-4897
-15112
14560
-6917
5091
-12938
-4595
966
-556
14571
15121
-13102
-2137
7374
10902
-269
-6033
6449
7290
-1440
-4071
-13151
-1500
-3144
-8615
16206
1300
-10174
5604
2412
-3138
-14471
12256
14552
-12135
-14904
-3176
14847
-12429
3218
-2443
-14340
3335
7029
-2006
10240
-4911
-4400
-12498
13303
2337
-126
-1681
-1944
-5777
-4107
9541
-5731
-3346
2652
-14684
-3067
-14493
-3016
3223
-5162
1592
15137
-13591
8182
9164
7875
11301
5148
-13554
15399
16322
9779
-694
-460
14487
8959
-7101
-2187
-4203
3586
2689
2332
-332
8353
-4628
-1209
2094
-15229
8346
-5501
-532
3386
-5146
11918
-707
-2779
10690
7778
4814
-7788
-14258
-10898
-1321
12846
11177
-8665
12690
-8304
-7674
-6721
-6159
-4809
-8701
-8908
12432
12960
11063
11149
-1815
16301
-12022
-10911
8903
-8117
-10294
15768
-11779
850
9211
-7307
-15785
2221
7150
-15915
14801
15034
-13419
13233
-5369
-2317
-1387
490
-9235
-13873
-5987
-442
9408
483
9206
-12363
6972
-435
11868
-11302
15888
15442
-7155
14790
-2929
-6074
-9953
14855
-2392
-2644
8470
4065
-3816
671
13494
6107
14814
2673
-5610
14206
10479
11153
13046
-3495
-5844
1202
5458
-12216
-10863
-4823
4664
-1802
13999
3223
-4394
10401
-2980
5577
5079
-7651
4009
10460
-2320
540
-1772
8357
-15691
6060
5887
-12464
12466
9729
4193
-4538
-13897
13173
12220
-15019
115
-13875
-3505
-13045
-9660
-13378
6028
-12190
6734
-15440
-15156
-11869
8907
4033
4418
13956
161
3853
3629
-109
-10950
13357
8018
3800
4752
8445
14250
-15946
15751
12194
-12712
-7661
10880
3276
8157
12985
-6101
-14535
3983
6907
-13156
-1925
15688
13723
-10078
-5382
9051
-14613
-6828
-7876
-12084
-8653
-12308
-7580
5056
9811
6105
12281
10290
10665
8975
-14103
16104
3381
7330
7630
-3931
1787
8595
-9617
-3679
5033
12266
-6006
6454
12154
3076
4049
4572
5722
4143
-10446
-15017
-12469
6772
2907
-9937
1799
3252
3710
-12447
-537
4855
-10927
8020
3331
9216
13658
-9458
1691
-4059
-6039
13480
-2634
12893
-5786
-2049
264
6043
3660
-13139
-2791
12378
886
-11208
14756
8313
3098
-1912
13885
330
11283
-353
-5577
10726
7907
12676
15301
-11837
16376
14720
-15777
-15992
-14290
-3187
4200
1567
1174
-8948
-16371
-9716
-5514
-6218
-14480
14590
11408
-13867
-10234
-11868
13735
7860
-12995
-13886
11328
-5292
-4509
2180
-7258
-9376
1987
-1262
-8656
-13725
7953
1892
-15162
-4807
-14584
8536
-2142
12228
-10671
13826
7252
6880
1447
-7869
-13047
-10600
14649
8605
-13044
7322
-1713
-443
-6515
12008
-8655
-11398
-10846
9937
-3259
14614
-7029
12320
-10889
14179
7482
1171
4317
15919
13331
15246
411
4643
4080
-15855
15365
9296
4968
3816
-16380
2059
2897
-6367
-1093
-1285
-6525
-14653
-7830
13168
6879
-15939
5266
-5898
-9328
-3811
-3494
-13525
1169
-16254
-1743
-9523
-8337
12244
-11339
-9961
9553
-8910
2771
-16050
-7627
-5332
9008
151
7548
5939
10696
-8181
-5207
5197
-3114
-10995
-12954
-498
5619
11227
-56
-2109
-10623
-16284
8659
-13328
8010
14682
-11455
8189
12901
-1657
12415
4140
9818
15204
-12295
-14386
-4731
2792
9367
-5705
-4928
4510
-5753
-8977
-6852
-5894
-1218
-11862
13744
-6419
-15943
4730
14006
6327
4105
-2620
13937
-8195
7438
881
-10380
-6629
-1661
8933
-10529
-9797
10042
-6859
-565
10919
13737
16276
-15895
14299
1958
-13809
-9883
9183
9839
-10629
-14831
-15533
-14867
-3157
7103
-9781
-8646
12518
1518
6366
-416
13719
-12118
5498
15460
327
-1875
10106
-6525
-6199
1738
-6277
-9797
7604
14988
16107
8589
-5865
-14310
15970
-15102
-13721
11613
11830
-6932
12732
-7579
3402
3950
5181
-5879
-3546
-4930
-2599
-50
589
10538
15161
-1013
-3126
-16295
-10254
3914
-13043
3540
11518
-1040
-10507
-14652
11117
-735
-2770
-16130
3928
-6690
-10051
11068
-14569
15216
-16167
6829
-9549
-12534
15869
4529
-6242
6826
11067
-7203
1186
-6848
-11821
6982
8728
-3566
-5372
-15620
14938
16223
-3038
15060
-6533
6210
2281
-1941
11061
-550
14353
-9881
4642
11176
1570
-5376
-7377
15160
4746
-13632
4687
11012
4845
1158
13676
-13163
6332
4561
5795
-8725
-10999
-8645
14000
-11745
-12646
-2748
-11353
3399
15932
15697
-14362
6042
1369
-7179
-10937
3029
-3379
-8338
12442
-15139
-13834
10611
-7854
3749
-16374
5933
-13954
-8622
-7250
-3453
-5637
-10851
8900
14490
14056
5497
-7548
8604
4187
9206
-8754
-10823
13138
-5786
15806
-3220
14061
2238
8322
-13568
-5670
5951
616
-3246
9232
-2219
15675
7128
-8000
-9537
4560
16354
13448
12272
-4132
7968
-3093
-331
-4088
8037
7678
-2023
13384
-1110
-8349
15750
8808
-7082
-16005
9004
11496
-2883
-9768
-3674
7689
8678
3569
-5413
6440
1681
16154
5667
-14773
12408
-3405
6060
-9222
-11562
-13665
5915
-1200
550
-7688
-1674
4689
-8915
-7680
-3519
14462
-14534
-7333
12263
14759
6061
-4228
10076
-15615
-7498
13918
-15615
-6536
16223
-13196
-1848
-6074
11981
1250
2968
2757
2242
15341
-1037
-13183
4455
9648
-5162
-13166
7241
-2799
-1568
-14039
-8031
-4364
-10313
-5016
-7464
15791
8104
-9353
5962
6333
11661
15316
8779
5302
-268
8938
-9881
12158
-8579
9190
-5650
-4931
-8572
-4154
-14159
5776
-6400
15282
-12538
-2433
-9557
-7792
10514
6830
5988
-4397
-1721
-1193
-10799
5523
-10965
5239
11336
13283
-165
-14392
14576
-6817
720
6896
14115
-11516
4962
9720
1047
13637
-10358
-14849
-10562
15450
-148
-6096
12010
-11556
-13035
241
16309
-4465
-3583
861
-9952
-7297
-6688
-4875
5370
-4786
6809
14738
-13564
-7476
12688
-11361
4178
-14392
5669
-11132
-14860
12582
8573
10597
-1322
12082
11140
-4083
9445
12852
11570
8229
-2701
7493
-10226
-11094
-13091
-1184
-14607
-13922
4459
2748
11277
-7683
-4745
4697
8237
-13838
14546
13785
-2242
2379
4451
15250
15887
6699
-6383
-1823
-15019
-10242
-284
-10047
-8718
-9550
12646
12444
10871
4645
-6064
-10399
10727
13785
8034
13014
-8258
-8977
-4973
12080
15665
-11693
-11414
-11039
12216
-1740
-6228
-3919
-1846
-10825
823
528
13031
3564
4910
-7254
10204
-2303
-16298
-7619
-9149
693
-2368
13735
-2999
8464
4265
4164
-10828
-5551
10398
14454
11044
9513
-10524
-8059
11416
-730
-8682
12458
-11979
-654
2832
14182
-12733
9149
-13300
13336
1913
8056
-15605
-4145
-11142
4420
-10377
6237
16287
-8534
2822
-11859
8695
-4596
5601
-3754
-16244
-8485
3590
6255
-12568
4619
7658
8102
-1320
5828
3683
2444
-6800
-12453
10182
-4301
11599
-7552
11852
6907
-4571
-13127
-581
-14935
-9870
9743
2114
10681
-13168
-4090
15524
-7946
2035
-45
6041
-16313
-5200
-10038
-7055
9676
-8900
2838
-3846
-4823
14966
-5460
14500
-478
-536
12930
-13597
10601
-1974
-6149
-3883
-14413
-15544
4774
-10715
-12527
-11898
7209
14639
-11650
16352
-5000
-6556
8116
-13322
5707
752
-4283
5096
10190
-5477
-9498
862
-3174
9453
3598
4556
-6684
13718
-6976
13812
14836
-13299
-4956
12972
9177
5750
-931
8417
-15780
15305
-10985
-9508
-4814
-16079
607
11460
13174
-8526
-5064
-4508
7766
1807
-12437
-5585
3084
9963
4126
13697
14096
-8402
6824
-8664
15755
16042
-14684
4387
15631
16127
-4028
7849
-10618
2235
15337
-146
11881
-15674
14320
16161
15667
-3842
-12082
-4039
1044
9758
-13473
3313
-1559
3300
14715
-5743
-15252
3187
7371
7152
4520
3062
11226
-969
9649
6534
-4753
8935
-3951
-1970
7707
2078
-16251
-9748
5134
10262
-7062
-14565
5422
-12050
-11662
-1137
-11413
-595
10011
14625
844
-7548
4194
-10708
-16178
3667
-1741
2871
13935
-14993
2341
-15404
14982
-1629
-13212
-2361
-10539
884
6126
-13973
-4511
169
-509
594
-2686
-1013
-6442
3884
-4042
-15766
8585
8682
10938
2272
344
10531
-8100
-14246
-9451
10166
-15221
-3501
-2348
12209
8752
-7453
-13849
1137
1345
13305
3341
10251
8850
-10780
742
-10261
-3601
4377
682
15547
11881
-10960
6939
-11897
12525
-1745
-7752
-14818
-9957
-12021
-15820
-8005
-1964
15468
-7642
8932
-3307
4785
-4862
13715
3204
4148
-9144
-8044
4169
10447
4091
4398
-12641
-7265
-13483
13317
7851
9223
-5703
-6593
-9460
1016
-8215
-15898
3251
9072
-8839
-13939
14325
4417
8836
14135
-34
12564
-8803
12916
5065
-15699
9736
12749
6957
-4495
-6613
2914
5050
-1243
-13761
-1838
-10843
4344
1867
4699
12864
11716
3667
1347
-7987
11921
-52
2422
11668
4699
-3244
-9616
7987
-9707
-6240
14173
1590
10733
-4426
11903
10983
4050
-5540
14289
3431
4915
-4912
-7446
-5122
-3574
4537
7203
944
12058
-7330
-13060
16145
-10892
8214
-9284
-14502
5440
-3073
-12712
11195
7610
-1293
5270
4851
-10117
7864
15730
11039
-5638
9591
7105
-13361
6994
1136
7700
-417
4422
-13589
-8737
-8059
-2942
14706
10715
5414
-4317
-9923
4008
14190
9082
10222
10423
1055
13
11135
11879
11561
5343
632
6510
2940
-12814
-15259
-12165
8986
14089
-14713
10778
11632
11442
6346
-14889
7654
7812
-12553
166
-11083
-14682
-5589
2178
-3080
-1391
-2424
-11435
2823
-1770
12586
-744
3072
-9822
-13732
-11973
16294
193
6156
839
11119
15841
-13187
-9534
7640
-2471
1340
-10669
-11012
425
-14763
2598
-3227
6915
13766
15762
14114
3083
11060
3065
10009
-2852
-6179
3312
10911
-10933
2766
-14432
16198
15215
5462
-2708
-16138
15201
5050
-10283
-1984
5184
15914
9626
-7442
9848
9716
-11485
-5409
8004
-15624
14879
-238
-654
-2724
-7059
-15616
-11417
-12415
-456
-14289
-5534
15413
13159
1540
11013
-10966
-972
985
-4335
-602
7450
-5809
8305
5501
-8715
-5915
-13958
-10179
15461
14538
-1423
15528
7539
3568
10317
-6041
-15753
-12958
-5953
3068
1337
-6185
12144
15097
8022
4999
-3958
5231
229
-10179
-13191
-12374
-1445
8622
10483
283
15788
-13303
-9419
11158
-1357
-8497
-14448
-3650
6868
-5659
6693
-1091
-8224
14568
-787
-6856
-5576
-12096
-4356
-14463
-5578
-5256
8454
13327
200
-6580
-1246
13100
4958
-10748
12238
6894
5895
13697
51
-11672
5846
-7530
5547
-10975
-1653
-8935
5249
2758
-13713
-967
-13320
-14565
2432
3601
10126
1591
-14642
5502
-14975
14577
3365
6702
-10605
13718
-8212
16122
11018
8413
-12211
4726
4348
-7396
-4713
-12858
-6199
-581
5344
-2637
3305
-11031
-7186
4606
1512
-15985
-11432
-4365
2990
-126
15336
7490
-9468
-13315
-13500
9227
-4524
-14258
11213
6456
1200
-2865
-7224
5135
6678
-10216
12220
11783
13555
9843
-9190
1499
11493
-623
-7645
-1826
-12603
2171
-13305
1678
485
8138
9290
4715
-11626
14875
-2964
-2038
1518
-16194
5833
9573
6856
7342
-8258
12149
-9205
4038
-7667
5379
-6096
11825
-11645
9147
-11778
3107
-12584
13186
16024
-3130
3030
11273
9402
14200
11965
2210
4416
-3021
-10777
-12717
5352
-10164
5288
10281
16216
-15775
-6536
7631
-13469
-13171
-8876
6239
-8056
6109
3937
10616
3515
-5112
2003
-14191
-7831
-166
16141
-1395
-15690
-1294
-8695
6031
-4087
3885
-12037
8975
-14646
11362
-4815
-5586
14442
13264
11838
-9146
4260
13524
-12713
-11834
-3837
2656
15869
13629
9637
-4952
16093
-15692
14142
-13538
9716
-11967
-8609
673
2294
-9511
15353
-15375
-9487
13926
-1251
15975
15405
14361
-16379
-7453
344
11266
2136
-11515
13791
-8482
-8022
-12128
7583
10544
4930
-16021
-1603
12435
13345
6906
5330
-11442
11840
-13587
-9652
-3543
13848
-4248
-751
3199
-15001
-3133
-3739
-7531
1074
-6782
15885
4650
-15610
5511
-5964
-7857
-5500
-9850
399
11129
1053
442
4669
9429
-16359
-10538
-3087
-6181
7390
13375
-12078
294
4975
4728
-11102
-4733
-4813
5597
-12130
15944
9976
-2667
-10586
-10265
1335
-12606
3998
-318
15769
14330
-12012
9793
-9797
10491
13859
13858
14126
2714
16279
14865
-14141
765
16209
12153
-763
-11766
4846
-6759
-4602
-11745
-3677
9178
15967
-3836
-11925
2656
-14478
13598
10085
-7969
-782
8933
1911
-14416
10662
5784
-6344
-220
-5783
-6609
2061
14616
1142
-8303
-13166
10441
4066
-2297
-709
-15126
-2198
14832
-16325
-4108
-11153
-9801
-14172
-1346
13887
-7421
208
13645
16278
-2771
13313
493
15717
3575
-1212
7808
6865
15739
-3685
6167
-10625
-10655
-3238
7359
-8945
-4523
-4910
8094
-4890
-15688
-979
830
-6351
-10858
-5479
15912
12838
-10535
-16215
11701
4237
11708
-1545
2849
4736
13954
7183
14049
879
2151
13448
-12746
-1689
-10281
628
16131
-5741
-14114
-12549
-12836
-6653
-14880
14658
-15777
-5972
11914
-1646
11719
-12368
-3320
-8266
-66
-4384
-4232
4260
-8845
-9601
7071
-14496
-4371
-12471
-7461
7454
5791
-9292
14425
7335
-14532
11894
15240
9469
-5172
11847
206
-8382
5632
16104
-11655
-13354
-6462
-10396
-520
10944
-6895
-12906
331
-15537
14092
-1301
11448
-12544
-3764
7786
3264
2979
-3977
8177
12369
14522
-3822
6337
7997
1058
-9833
-15044
5355
10741
-5432
-15378
-11443
-13394
-13758
-14901
8721
-15730
6997
5047
-12772
-3777
6675
3404
15668
-10056
-4953
1239
-5636
-2976
7913
7331
-9178
8566
-977
2427
-3868
5552
15205
-8598
1951
10530
12640
-14907
-6420
-2206
-657
-13461
-4676
7146
-7117
7244
-6958
3517
-13135
-8408
1147
-8626
5030
2713
633
-8291
10522
-9132
15424
-2653
11320
-10836
-11931
5872
-1699
-7848
-15789
-16237
-8593
1653
-6336
-7878
-5776
-13105
-11425
-102
1363
13916
-1961
8209
-9970
-3575
7669
11658
7408
11193
541
-5726
-9675
7563
13575
10249
-14120
-14756
1448
-9942
16296
-5746
4717
10254
-5474
15367
-11729
12157
15214
-7556
10596
2663
-14244
9455
-8302
-15485
3409
-1162
2314
-6090
-15570
-10177
14546
-15690
-16032
-11567
3811
-145
7605
6292
-2412
-15962
-403
-14700
10583
-5284
-11627
4226
-13917
7285
-7024
-9988
10801
11545
-1289
7949
5483
10075
-1117
-6920
10530
1048
-15097
-3023
6783
12066
12739
8877
-2500
5790
-1417
-677
12563
-13909
-5675
-1037
7287
-5563
5883
8686
4995
-2456
6655
12501
-3024
11384
-4405
-12353
14538
3808
-1493
-13290
-14939
-13574
-6876
-10343
16140
1839
-15736
-6233
-1158
-9121
12999
6586
-6643
-382
-1528
-16078
-6857
-10096
15480
596
6583
8095
-11038
7826
2503
8523
-1663
-10740
3223
-11941
8978
600
2555
-9566
-5588
-12674
-7584
14114
-12588
12359
4869
4984
7757
1720
-5528
372
-5331
473
-7938
15879
-13386
14267
-5594
3682
-11678
2744
-11936
-1956
-2880
-15107
-2118
-9708
-11137
3398
1420
9432
7880
6377
-7067
16198
-2606
16150
5445
-11599
6320
-11939
14093
1991
15725
-8848
-11981
-2448
-11942
15403
14010
-13063
5031
4561
5474
-3471
15921
9113
1308
10323
12443
9833
11200
-4250
-11872
-5407
-14078
13282
6823
2715
16035
1236
408
-1359
-5916
-9533
13551
10112
-9408
12692
-8689
-596
-10918
-1621
-8744
1125
1077
9299
14203
-4888
-7261
-12448
7565
15176
-11264
-11245
-10917
-5010
14367
15677
-7042
15710
12165
-5977
15535
-2115
-16171
-10318
-9764
-6256
2188
-3269
1659
-8633
16366
-14655
14878
-6406
12353
-2358
-14777
4082
-6600
-2430
-14978
-4757
14770
-16218
162
14744
-603
6048
15997
13800
-5036
4340
12698
12680
9161
-4134
-1957
-9943
-14721
4908
-7354
13315
5215
-1405
-2656
-3558
4077
9886
-11203
-4160
964
-9981
5782
4699
-960
-2328
11804
-7576
2426
4947
-10292
1728
-8839
-7039
-13308
1306
6822
10373
8341
-5166
-6527
15665
4377
-14103
5267
-4295
8583
4684
-605
-15210
-12540
-7335
-10451
-14807
-15620
13215
7952
3233
15474
-5403
-4217
5278
9108
-2450
-12454
7702
-1133
-15492
-11690
6905
9905
-15597
7674
-3824
12444
-9473
9843
4907
4858
-6119
14283
13691
10309
13765
8029
8509
-16167
3775
2444
-5224
3659
-13544
-6220
5065
-9987
-133
-3487
-13187
13295
12725
7103
-2946
8920
13940
1618
658
-6538
7247
-11289
-5983
-7390
-14329
-7989
12821
-10841
9741
16186
-7802
-13740
5444
1818
-11881
2640
-4345
-12822
7451
-3282
-12178
-9483
-11651
-4927
2253
-5173
-2466
-3790
-11906
7409
6527
-9393
13025
-13608
1506
-4314
15008
-244
-14548
-12077
-6344
15790
4686
-8810
-4939
-14556
-12188
6953
14012
8719
-12067
12624
-13361
381
-6435
8625
-2611
-9375
-2593
12774
-11336
-15552
12703
15313
14523
-8916
5431
-10193
-916
-778
-10872
6000
8270
-14944
-11557
15559
-4454
-8943
-12856
12157
-2497
2060
-7336
5770
2087
-15773
5222
-11674
6588
10088
-9141
-14051
12459
16037
6842
14498
15335
205
-11032
869
-526
10482
4592
11047
-5032
9719
-10633
-4595
10364
-16311
907
14836
-2666
-14390
7377
-5627
-12291
-8690
14816
649
2466
12490
9960
-8450
4061
14473
-1897
1642
15981
-12383
5949
6639
-7238
13670
1326
4512
-9636
-11875
-7064
15251
-9247
-13260
-139
12599
-3893
-13008
-9837
14056
8665
-1818
2579
14785
-12664
-914
-6401
-8270
-13096
15957
-15617
-8750
13907
1938
-15747
2294
1612
14523
3080
-11134
-4763
-8327
-10250
13183
-428
-16326
9038
4078
6118
10277
2533
-13220
12355
6995
3014
951
-6795
13116
-15913
-1184
-2268
-16017
-14918
-1151
3491
2695
-12046
417
-3535
11610
-10425
374
7288
2675
8299
10234
14682
16323
9437
-11071
3821
3219
12814
15753
-7740
12733
6595
-4077
16241
8732
-3910
9777
-11705
5953
8336
8225
8805
-8601
-12062
-1767
-6160
-3671
-5197
10787
-11617
12659
-16115
12075
-5507
-11721
3563
598
-4630
-11679
-5545
-7786
-12061
3212
-7472
4732
-15996
14838
-16146
6221
-10805
-1743
-14519
4183
-14689
11548
-7018
10373
-9199
-14318
8723
-7118
-4383
-10399
-11994
9019
9028
-7426
15424
8024
-16156
-2697
-8440
-11348
-13271
-8152
-5706
666
-15177
4018
5052
-12837
11576
1193
428
5325
-16293
-15219
-15786
3342
-2276
-10500
10032
-14006
-15289
8997
-1028
8785
10551
-16000
-7772
13933
2020
5565
-12183
-3342
-10723
-15110
1340
-9194
5649
-9160
-8596
1795
14356
15120
-5246
-1493
-13920
5794
13418
-6180
5530
10447
-1069
-2284
6615
-8280
215
3734
-2593
8485
991
-10691
14065
-2277
4801
-7535
9543
14184
-8148
16024
-2406
-912
10822
-14353
2537
462
-2925
4376
4215
14659
6425
15894
-14317
11250
-2878
3895
10907
-1072
13057
3634
14019
6486
-840
4465
13843
377
3674
2480
9263
6107
-1715
-12857
7003
-3773
5266
-10044
-5570
8779
-8025
11837
14054
-6568
-7508
-10011
-11507
13007
15046
14172
9627
2694
-1599
2892
-12948
9593
-1543
-335
-7854
-16193
16250
4984
-3746
10940
9062
12620
11611
-8297
-12649
-14931
-11108
-13842
-14458
10818
-11528
-1079
5995
-14992
12050
-3123
-13658
6443
11742
-15693
-12194
13324
-12448
9464
-664
14500
2231
-6955
13930
-4335
-8357
6257
1344
5326
-13917
4182
7582
-8496
-1910
2593
5367
-7730
-4430
-1154
-11874
-11040
2217
2388
-2772
-7605
-9620
-195
-14815
-1381
1577
-9415
-9010
-8717
-4023
-15965
6002
-12382
-2898
-4764
6563
10230
313
-3994
-9489
14421
14736
-10164
2244
13705
2078
2912
16269
7260
-16293
-3636
-8418
-15259
13901
16142
-430
5409
-4273
-4186
-15886
4422
-12271
-12527
6873
11347
-5152
6651
12118
7788
-9945
4273
-3118
10853
12086
3541
14003
2589
4419
-2731
9088
-2803
-5458
3997
325
-2784
-16246
9484
12345
-571
15448
-4699
10910
-1725
-11243
10504
3305
-16306
13176
-3424
-5853
12247
-13707
9757
-5745
-11992
9477
-6107
1677
-14289
-4055
10054
-11330
-998
-12244
10544
10345
11813
-5079
-2015
10013
-3408
-11570
-15200
-5992
-16235
7263
3950
-12824
2744
-4610
12218
15824
6112
-15831
2452
-11923
3269
6788
2212
13337
-9110
-295
13084
14992
4780
-4771
-5909
-2734
11547
8245
9012
-15800
-2550
-13256
-14338
8617
5602
15607
-6611
-11745
-12612
-3590
-4687
-2010
5678
8525
14333
-11083
356
-15556
-2886
-12511
14195
2906
-12611
-10690
-8725
-3384
-8905
-9017
13227
14259
13612
-2816
-12806
-2529
12071
-12391
11219
15843
13611
8662
4991
-13835
11500
14061
-4502
15592
-11713
12464
5935
1715
5584
15211
-12811
-10316
-11245
14608
-14594
-15115
-1923
10129
1917
429
-7949
-14706
1192
-11766
5507
-16336
14607
6957
10322
-9899
9260
13431
-11819
-4883
-6085
-8701
7492
13987
-1460
115
14668
12481
6294
6640
-16123
2381
-1266
-916
4387
-3464
-3528
-16086
-656
-11718
-6083
5505
-1414
5430
-1985
-15139
3976
10467
4073
9222
9427
-7955
-12470
-15963
499
-13351
6883
4
4248
15081
5118
-1003
14202
319
-5310
-6730
-7789
11844
-15995
11571
1419
-14517
2785
10764
-16012
-15246
10250
7929
-8521
-11063
10718
16172
-11698
11703
-3266
6358
3380
-5735
11549
2284
12570
14763
-16170
7211
-676
-4308
-13117
346
2099
8125
-14581
-3889
6188
-5877
-15685
11572
12761
6061
2841
395
11718
13648
2357
-8080
-5458
-15855
10176
2206
-4113
7466
10529
-11595
5180
-7983
9158
3131
-878
13661
6328
992
1901
-8277
-10125
11014
-1989
3776
10740
-3968
-2287
11439
-6125
14490
14493
14013
2323
5722
-7588
-7996
-15240
10758
-244
2005
-13544
-14106
5989
14369
-14987
-11701
-15612
-13798
3146
-10799
-14936
-9515
-12444
-4384
3232
9139
7859
-1671
8324
-2752
2465
1071
-8412
-9893
-14174
9075
4542
8344
9485
2581
13172
-8478
4906
2824
-1028
7013
12940
-6042
666
14251
10401
5043
3403
-11772
2439
-15514
-8125
10028
-15583
421
8602
14120
15979
6225
9539
12657
11018
-446
13629
-5036
10536
10708
10765
-5223
-14978
-4958
-6293
14947
-1102
15505
4412
7255
13028
3601
3264
-9728
-6012
9119
8717
11378
-666
-2418
-11844
3118
-9960
7432
13026
-6330
-10381
-11952
-4798
706
13424
-439
9152
2881
-5571
-2756
-7399
6372
13712
12502
-5934
10855
13372
-13968
-10642
-9327
-11774
-364
9444
-9521
-2135
-1604
-5040
-7652
12368
11868
-11287
14115
14596
-1245
15923
-2392
11918
-3970
1398
12068
-12914
-8097
-9106
3759
-1842
6972
10052
10275
-1584
-422
-8003
4991
12201
14155
-8270
-4727
8210
-8010
4288
-1352
7869
-9130
-1984
-3760
-283
3653
4217
11983
809
-8837
-10219
-9080
-102
7569
9426
-14450
-7661
-14901
3706
-4141
5321
6486
1557
4753
-4318
9422
-4771
13289
10443
13572
-15758
-5173
773
11005
13263
-1515
7231
-11970
12413
-6657
8682
5702
-14202
11446
-11127
-12195
-3667
-15545
4615
-4468
1116
-4161
-9650
15085
1246
15760
533
4645
3278
4407
2041
13358
-5936
7964
16336
4698
15999
-13894
-14278
16020
-12634
11007
-392
-8215
10162
-13066
-7038
-12216
-9113
-10845
11603
-14458
4819
10799
-7288
14245
-128
-12987
-8663
15958
8430
-837
-2105
-12356
-12480
-11659
15303
-397
-3018
-4986
-515
1233
-165
-8039
4221
-3220
-5504
-368
2989
10460
-7576
9834
-9057
-2366
-6203
13674
3486
6153
-925
-12683
-761
-9109
12452
445
-2469
11575
9516
6044
-7791
-12462
-11043
706
-847
1660
15110
15763
-11362
-555
10711
5835
-5581
6560
-6887
12644
-13166
5702
-10980
15289
-1607
6302
-6672
8683
-9129
4971
-6441
16260
-14883
9767
-517
-11174
8151
-9985
1117
-16201
-14467
-9698
-8690
-13130
-14459
8238
8865
-272
-7108
5660
10720
-14760
11733
13340
-12098
-1180
3329
10734
2701
-914
-576
-417
4721
-5799
-5002
-14318
-12011
-15753
-5823
-7296
-13668
-4438
9610
-13762
10459
-4918
-4134
-4225
13765
13383
8687
-14887
-9690
2320
13584
-11700
-2923
-14669
-3939
-3968
7331
-6459
-6422
11342
9817
-14716
13389
-11134
-1566
-4165
13430
10975
4996
-5914
8703
-10908
16341
-12137
-11196
-2866
-6101
-14312
3957
1118
852
-3758
6890
-6436
-377
1005
4534
-15140
12955
15801
8574
8256
14711
12877
11148
-16130
14282
15854
-993
-8412
-4356
8114
3077
11801
11108
-284
108
11557
-7493
-8277
-8970
-7885
5840
-13593
7179
-9258
-12162
11612
8563
13195
-14629
12818
15140
-11970
1715
7163
9304
14095
11829
-7465
16099
9301
4331
5973
-2364
15075
-10256
-11653
1018
2443
-3491
13383
-359
8161
-5628
13719
-1764
3905
-3999
-11962
5373
-748
14285
-14184
-14973
10830
-4875
1752
13532
5179
-7029
-6081
-149
4732
-11973
-6120
14691
5709
5601
-1502
-3435
-4343
2041
4918
11398
14319
13910
9513
-2363
-11482
2072
4596
9595
5631
-14376
-9710
-10684
2683
-4315
2602
14141
-5619
-14796
11246
-15265
13728
11219
15939
-4341
3804
6559
-1886
-7195
13989
14455
-8770
-7450
-11035
6448
-7833
-8787
-4724
-6774
9646
-12266
9941
7523
4938
1806
-15158
13355
-11974
-13914
-502
8856
-8276
6246
3530
-16229
-9698
-2333
10010
-1134
9411
-3181
11625
15551
2344
-7711
-10676
5113
1559
-1411
6267
-1375
-10564
-10762
3100
-15656
-2810
-2678
8261
1775
6992
-12739
-13892
11551
2369
2600
3841
-11397
4080
-3052
5518
14370
10572
-16057
5213
-3655
7868
11678
-12373
3097
770
7644
508
-8892
869
15426
-10657
9886
-11249
-15520
-10253
-10662
15284
-5334
-1366
-718
628
11342
8525
-13221
-14333
-12859
-15168
12216
1287
-3928
8328
-10162
15297
3654
2186
-13576
7152
7283
-13291
-14501
7666
-13277
-13789
6941
-9939
5687
6876
13650
6573
2710
-3492
3639
-1778
5504
8374
14115
-355
12063
-11463
9914
2746
10591
-1294
5476
4481
4096
-911
-514
-5975
-12566
3280
5839
11435
4800
-8206
-10563
295
6071
3081
-9536
12420
-9559
-14757
16280
-4392
-8091
-8891
-15429
-15353
1866
4992
-14958
-7890
5908
-16221
-3612
-6846
757
-9495
13971
-11020
4584
-12747
-12922
-13864
-7870
-15277
-3098
7367
-2679
-15743
8589
3970
-12918
-16338
-11077
14743
11174
6913
-14837
15497
2413
