-16380
-16379
-16375
-16374
-16371
-16363
-16362
-16359
-16357
-16355
-16355
-16352
-16348
-16344
-16343
-16342
-16341
-16338
-16336
-16330
-16330
-16326
-16325
-16325
-16318
-16316
-16313
-16312
-16311
-16310
-16308
-16306
-16300
-16298
-16295
-16293
-16293
-16284
-16282
-16270
-16264
-16262
-16260
-16254
-16251
-16246
-16246
-16245
-16244
-16244
-16243
-16241
-16241
-16239
-16237
-16237
-16235
-16235
-16230
-16230
-16229
-16224
-16221
-16218
-16215
-16213
-16208
-16201
-16194
-16194
-16193
-16190
-16182
-16178
-16178
-16171
-16170
-16167
-16167
-16158
-16156
-16154
-16148
-16147
-16146
-16142
-16138
-16135
-16133
-16130
-16130
-16124
-16124
-16123
-16115
-16114
-16095
-16094
-16091
-16086
-16083
-16080
-16079
-16079
-16078
-16065
-16057
-16053
-16050
-16048
-16046
-16035
-16032
-16022
-16021
-16017
-16014
-16012
-16006
-16005
-16000
-15996
-15995
-15992
-15986
-15985
-15980
-15980
-15977
-15968
-15965
-15963
-15962
-15960
-15959
-15954
-15948
-15946
-15943
-15942
-15939
-15931
-15927
-15921
-15916
-15915
-15913
-15912
-15909
-15908
-15904
-15902
-15899
-15898
-15898
-15895
-15894
-15892
-15888
-15886
-15881
-15880
-15877
-15862
-15861
-15856
-15855
-15855
-15853
-15853
-15851
-15843
-15841
-15831
-15830
-15828
-15820
-15818
-15815
-15810
-15804
-15802
-15800
-15791
-15789
-15786
-15785
-15780
-15777
-15777
-15775
-15775
-15773
-15773
-15770
-15766
-15766
-15762
-15758
-15755
-15753
-15753
-15747
-15743
-15736
-15733
-15730
-15728
-15727
-15725
-15725
-15722
-15717
-15714
-15708
-15704
-15702
-15699
-15699
-15693
-15693
-15692
-15691
-15691
-15690
-15690
-15688
-15685
-15685
-15683
-15681
-15679
-15676
-15674
-15667
-15657
-15656
-15652
-15649
-15641
-15639
-15635
-15633
-15632
-15629
-15624
-15620
-15620
-15617
-15616
-15615
-15615
-15612
-15610
-15610
-15605
-15605
-15597
-15597
-15595
-15595
-15591
-15583
-15570
-15562
-15557
-15556
-15552
-15551
-15550
-15545
-15544
-15544
-15542
-15538
-15537
-15537
-15533
-15520
-15515
-15514
-15509
-15508
-15492
-15490
-15490
-15485
-15484
-15483
-15478
-15477
-15472
-15471
-15466
-15461
-15453
-15448
-15443
-15440
-15440
-15431
-15429
-15425
-15404
-15404
-15398
-15394
-15393
-15378
-15375
-15374
-15371
-15371
-15369
-15366
-15365
-15360
-15358
-15355
-15353
-15342
-15335
-15331
-15331
-15331
-15329
-15327
-15319
-15312
-15312
-15299
-15298
-15295
-15289
-15278
-15277
-15265
-15259
-15259
-15256
-15252
-15252
-15248
-15248
-15246
-15240
-15237
-15233
-15229
-15226
-15221
-15219
-15210
-15202
-15200
-15196
-15183
-15182
-15178
-15177
-15177
-15168
-15164
-15162
-15158
-15157
-15156
-15154
-15145
-15140
-15139
-15139
-15126
-15124
-15119
-15118
-15116
-15115
-15115
-15112
-15110
-15107
-15105
-15105
-15103
-15102
-15101
-15097
-15090
-15063
-15058
-15052
-15049
-15045
-15044
-15043
-15039
-15035
-15028
-15023
-15020
-15019
-15019
-15019
-15017
-15002
-15001
-14997
-14993
-14992
-14987
-14982
-14978
-14978
-14978
-14975
-14973
-14972
-14972
-14967
-14962
-14958
-14953
-14947
-14944
-14942
-14940
-14939
-14938
-14936
-14935
-14931
-14929
-14926
-14925
-14918
-14917
-14911
-14907
-14904
-14901
-14901
-14889
-14888
-14887
-14886
-14883
-14880
-14872
-14868
-14867
-14860
-14856
-14855
-14855
-14849
-14846
-14845
-14844
-14844
-14840
-14837
-14834
-14833
-14831
-14823
-14820
-14820
-14818
-14815
-14813
-14813
-14808
-14807
-14796
-14796
-14795
-14795
-14789
-14788
-14779
-14777
-14775
-14773
-14768
-14763
-14763
-14760
-14760
-14757
-14757
-14757
-14756
-14746
-14740
-14733
-14729
-14728
-14728
-14722
-14721
-14721
-14720
-14716
-14713
-14713
-14708
-14706
-14706
-14704
-14700
-14700
-14691
-14689
-14688
-14686
-14684
-14684
-14682
-14676
-14673
-14672
-14669
-14666
-14662
-14660
-14660
-14658
-14656
-14655
-14653
-14652
-14652
-14648
-14646
-14642
-14632
-14631
-14629
-14625
-14620
-14615
-14614
-14613
-14612
-14609
-14608
-14607
-14594
-14593
-14591
-14584
-14581
-14576
-14573
-14570
-14569
-14565
-14565
-14558
-14556
-14556
-14555
-14551
-14548
-14547
-14543
-14541
-14536
-14535
-14534
-14532
-14531
-14521
-14519
-14517
-14517
-14514
-14502
-14502
-14501
-14500
-14498
-14496
-14493
-14491
-14486
-14485
-14484
-14480
-14478
-14475
-14475
-14471
-14468
-14467
-14463
-14459
-14459
-14458
-14458
-14457
-14456
-14451
-14450
-14448
-14447
-14442
-14440
-14434
-14432
-14429
-14429
-14416
-14414
-14413
-14402
-14399
-14395
-14393
-14392
-14392
-14390
-14390
-14386
-14384
-14380
-14376
-14372
-14367
-14365
-14364
-14362
-14355
-14353
-14344
-14340
-14338
-14336
-14333
-14329
-14322
-14319
-14318
-14318
-14317
-14312
-14310
-14301
-14298
-14295
-14295
-14295
-14290
-14289
-14289
-14288
-14286
-14278
-14272
-14271
-14258
-14258
-14258
-14247
-14246
-14245
-14244
-14243
-14239
-14238
-14233
-14232
-14229
-14222
-14215
-14210
-14205
-14202
-14200
-14197
-14196
-14191
-14184
-14177
-14175
-14174
-14172
-14163
-14161
-14160
-14159
-14151
-14146
-14141
-14139
-14126
-14126
-14125
-14120
-14119
-14114
-14113
-14106
-14103
-14103
-14101
-14097
-14093
-14088
-14080
-14078
-14077
-14076
-14066
-14066
-14061
-14059
-14056
-14053
-14051
-14049
-14043
-14040
-14039
-14031
-14026
-14020
-14019
-14015
-14013
-14007
-14006
-14001
-13986
-13982
-13980
-13980
-13977
-13973
-13968
-13962
-13958
-13957
-13954
-13951
-13948
-13945
-13939
-13938
-13932
-13931
-13922
-13922
-13920
-13917
-13917
-13914
-13914
-13909
-13903
-13902
-13900
-13897
-13894
-13894
-13892
-13886
-13880
-13878
-13875
-13873
-13873
-13871
-13870
-13869
-13867
-13864
-13863
-13854
-13853
-13849
-13849
-13845
-13842
-13838
-13835
-13834
-13829
-13827
-13818
-13811
-13809
-13798
-13794
-13790
-13789
-13785
-13784
-13783
-13776
-13774
-13762
-13761
-13760
-13758
-13758
-13758
-13749
-13742
-13740
-13738
-13736
-13734
-13733
-13732
-13725
-13722
-13721
-13720
-13715
-13714
-13713
-13713
-13713
-13707
-13705
-13688
-13688
-13688
-13684
-13683
-13681
-13681
-13668
-13665
-13665
-13658
-13651
-13651
-13649
-13646
-13646
-13642
-13641
-13632
-13609
-13608
-13601
-13598
-13597
-13593
-13591
-13591
-13589
-13587
-13583
-13576
-13574
-13569
-13568
-13568
-13568
-13564
-13560
-13554
-13554
-13544
-13544
-13538
-13533
-13532
-13525
-13521
-13518
-13511
-13503
-13500
-13500
-13499
-13498
-13483
-13473
-13469
-13461
-13460
-13456
-13441
-13440
-13440
-13439
-13437
-13420
-13419
-13412
-13403
-13394
-13393
-13388
-13388
-13386
-13386
-13378
-13378
-13371
-13361
-13361
-13354
-13351
-13349
-13348
-13344
-13330
-13328
-13324
-13322
-13320
-13318
-13315
-13308
-13305
-13304
-13303
-13303
-13300
-13299
-13291
-13290
-13290
-13290
-13281
-13277
-13273
-13271
-13269
-13260
-13260
-13256
-13255
-13249
-13238
-13235
-13229
-13229
-13222
-13221
-13220
-13219
-13214
-13212
-13204
-13202
-13199
-13196
-13196
-13191
-13188
-13187
-13187
-13185
-13183
-13181
-13178
-13173
-13171
-13168
-13166
-13166
-13166
-13163
-13163
-13162
-13160
-13156
-13151
-13144
-13143
-13142
-13139
-13135
-13132
-13130
-13127
-13119
-13117
-13112
-13107
-13105
-13102
-13102
-13101
-13096
-13091
-13090
-13086
-13074
-13066
-13065
-13063
-13060
-13055
-13051
-13050
-13048
-13047
-13045
-13045
-13044
-13043
-13043
-13040
-13035
-13032
-13024
-13023
-13021
-13013
-13008
-13004
-13003
-12995
-12995
-12990
-12989
-12987
-12987
-12983
-12981
-12970
-12958
-12957
-12954
-12953
-12951
-12949
-12948
-12938
-12938
-12936
-12934
-12929
-12929
-12928
-12922
-12918
-12914
-12906
-12906
-12903
-12896
-12888
-12886
-12880
-12878
-12866
-12860
-12860
-12859
-12858
-12857
-12856
-12856
-12854
-12846
-12841
-12838
-12837
-12836
-12835
-12829
-12829
-12826
-12825
-12824
-12822
-12822
-12818
-12818
-12817
-12814
-12811
-12810
-12807
-12806
-12803
-12801
-12799
-12798
-12797
-12797
-12792
-12791
-12791
-12787
-12781
-12780
-12774
-12772
-12766
-12758
-12747
-12746
-12746
-12743
-12739
-12739
-12733
-12732
-12731
-12727
-12724
-12717
-12713
-12712
-12712
-12707
-12699
-12696
-12693
-12688
-12683
-12674
-12667
-12664
-12655
-12653
-12649
-12646
-12646
-12641
-12634
-12632
-12630
-12623
-12623
-12617
-12612
-12611
-12606
-12603
-12595
-12594
-12588
-12584
-12578
-12568
-12568
-12566
-12565
-12561
-12554
-12553
-12552
-12551
-12549
-12544
-12540
-12538
-12534
-12533
-12528
-12527
-12527
-12511
-12511
-12510
-12505
-12504
-12498
-12481
-12481
-12480
-12479
-12471
-12470
-12469
-12468
-12467
-12466
-12464
-12462
-12458
-12458
-12454
-12453
-12448
-12448
-12447
-12444
-12440
-12437
-12429
-12424
-12419
-12416
-12415
-12414
-12396
-12394
-12391
-12388
-12383
-12382
-12377
-12374
-12373
-12373
-12368
-12368
-12363
-12356
-12353
-12352
-12342
-12341
-12336
-12328
-12324
-12312
-12309
-12308
-12299
-12299
-12295
-12293
-12291
-12285
-12284
-12284
-12282
-12271
-12266
-12263
-12244
-12242
-12242
-12239
-12226
-12216
-12216
-12214
-12211
-12204
-12201
-12197
-12195
-12194
-12194
-12190
-12188
-12185
-12183
-12181
-12181
-12178
-12178
-12175
-12175
-12170
-12165
-12162
-12154
-12152
-12148
-12137
-12135
-12130
-12128
-12118
-12105
-12098
-12096
-12096
-12096
-12092
-12084
-12082
-12078
-12077
-12070
-12070
-12067
-12064
-12062
-12061
-12059
-12056
-12050
-12046
-12040
-12038
-12037
-12037
-12023
-12023
-12022
-12021
-12019
-12012
-12011
-12003
-12002
-11994
-11992
-11981
-11979
-11974
-11973
-11973
-11970
-11970
-11969
-11968
-11967
-11962
-11961
-11954
-11952
-11949
-11942
-11941
-11939
-11936
-11934
-11931
-11925
-11923
-11923
-11919
-11915
-11911
-11909
-11906
-11898
-11897
-11894
-11890
-11887
-11881
-11875
-11875
-11874
-11873
-11872
-11869
-11868
-11862
-11859
-11847
-11844
-11837
-11837
-11834
-11821
-11819
-11818
-11817
-11808
-11803
-11803
-11800
-11797
-11792
-11792
-11791
-11790
-11787
-11784
-11779
-11778
-11774
-11772
-11772
-11766
-11766
-11760
-11754
-11751
-11745
-11745
-11745
-11744
-11743
-11743
-11742
-11732
-11729
-11721
-11719
-11718
-11716
-11716
-11713
-11708
-11705
-11705
-11703
-11702
-11701
-11700
-11698
-11697
-11693
-11690
-11690
-11690
-11685
-11679
-11678
-11674
-11672
-11671
-11668
-11665
-11665
-11664
-11663
-11662
-11659
-11655
-11653
-11651
-11650
-11649
-11645
-11638
-11636
-11634
-11633
-11633
-11633
-11628
-11627
-11626
-11626
-11617
-11614
-11613
-11599
-11595
-11588
-11585
-11581
-11577
-11574
-11570
-11567
-11562
-11557
-11556
-11556
-11550
-11547
-11542
-11531
-11529
-11528
-11525
-11523
-11523
-11516
-11515
-11511
-11511
-11507
-11504
-11501
-11500
-11497
-11485
-11482
-11476
-11471
-11464
-11463
-11455
-11452
-11443
-11443
-11442
-11439
-11435
-11434
-11432
-11430
-11429
-11425
-11422
-11417
-11417
-11414
-11413
-11408
-11406
-11405
-11401
-11400
-11398
-11398
-11397
-11396
-11385
-11384
-11383
-11381
-11377
-11368
-11362
-11362
-11362
-11361
-11355
-11353
-11353
-11351
-11351
-11350
-11350
-11348
-11345
-11342
-11339
-11338
-11336
-11334
-11330
-11330
-11328
-11325
-11324
-11312
-11308
-11302
-11299
-11299
-11297
-11294
-11290
-11289
-11287
-11286
-11278
-11275
-11274
-11266
-11264
-11260
-11252
-11249
-11247
-11246
-11245
-11245
-11243
-11231
-11229
-11225
-11225
-11222
-11214
-11209
-11208
-11206
-11203
-11196
-11193
-11192
-11190
-11181
-11179
-11174
-11163
-11159
-11158
-11157
-11156
-11153
-11153
-11150
-11149
-11142
-11141
-11137
-11134
-11134
-11134
-11132
-11130
-11127
-11124
-11115
-11108
-11104
-11102
-11099
-11094
-11090
-11084
-11083
-11083
-11080
-11077
-11071
-11071
-11064
-11063
-11043
-11043
-11040
-11039
-11038
-11035
-11032
-11031
-11020
-11012
-10999
-10998
-10995
-10994
-10987
-10985
-10985
-10981
-10980
-10975
-10967
-10967
-10966
-10965
-10960
-10956
-10950
-10947
-10947
-10937
-10936
-10933
-10933
-10929
-10927
-10918
-10917
-10914
-10913
-10912
-10911
-10908
-10898
-10895
-10892
-10889
-10877
-10876
-10872
-10870
-10866
-10864
-10863
-10858
-10851
-10851
-10848
-10847
-10846
-10846
-10845
-10845
-10843
-10842
-10841
-10838
-10836
-10830
-10828
-10827
-10825
-10823
-10818
-10818
-10817
-10805
-10799
-10799
-10799
-10794
-10794
-10782
-10781
-10781
-10780
-10777
-10773
-10762
-10755
-10754
-10748
-10745
-10740
-10737
-10737
-10732
-10732
-10732
-10723
-10721
-10715
-10708
-10707
-10706
-10697
-10691
-10691
-10690
-10689
-10688
-10684
-10684
-10678
-10677
-10676
-10671
-10669
-10668
-10667
-10666
-10662
-10661
-10661
-10658
-10657
-10655
-10651
-10642
-10638
-10633
-10633
-10631
-10629
-10625
-10623
-10619
-10618
-10616
-10614
-10612
-10608
-10605
-10600
-10600
-10597
-10591
-10590
-10589
-10589
-10586
-10575
-10574
-10564
-10563
-10563
-10562
-10562
-10554
-10552
-10542
-10541
-10539
-10539
-10538
-10535
-10533
-10529
-10526
-10526
-10524
-10518
-10514
-10511
-10509
-10509
-10507
-10502
-10500
-10490
-10477
-10476
-10471
-10468
-10463
-10456
-10451
-10449
-10447
-10446
-10445
-10444
-10444
-10440
-10438
-10438
-10437
-10433
-10425
-10416
-10413
-10410
-10409
-10399
-10399
-10398
-10396
-10396
-10392
-10389
-10389
-10386
-10381
-10380
-10380
-10377
-10375
-10362
-10358
-10353
-10345
-10345
-10345
-10343
-10337
-10335
-10333
-10319
-10319
-10318
-10316
-10313
-10311
-10306
-10298
-10294
-10292
-10286
-10283
-10281
-10265
-10263
-10261
-10258
-10258
-10257
-10256
-10254
-10253
-10250
-10248
-10244
-10243
-10242
-10237
-10234
-10234
-10230
-10226
-10222
-10219
-10216
-10213
-10211
-10195
-10193
-10193
-10192
-10190
-10181
-10179
-10179
-10179
-10177
-10174
-10174
-10164
-10164
-10162
-10159
-10156
-10152
-10152
-10149
-10145
-10142
-10134
-10125
-10124
-10117
-10117
-10113
-10111
-10111
-10097
-10096
-10096
-10091
-10083
-10083
-10078
-10062
-10056
-10054
-10051
-10049
-10047
-10047
-10044
-10043
-10042
-10039
-10038
-10029
-10025
-10024
-10018
-10017
-10017
-10014
-10011
-10004
-10001
-9995
-9988
-9987
-9985
-9981
-9976
-9973
-9972
-9970
-9962
-9962
-9961
-9961
-9960
-9959
-9957
-9956
-9953
-9953
-9952
-9945
-9944
-9943
-9942
-9939
-9937
-9933
-9933
-9924
-9923
-9922
-9920
-9919
-9916
-9910
-9906
-9906
-9905
-9904
-9900
-9899
-9897
-9893
-9893
-9892
-9890
-9883
-9881
-9881
-9879
-9875
-9875
-9872
-9870
-9850
-9850
-9845
-9845
-9843
-9843
-9842
-9837
-9834
-9833
-9826
-9825
-9824
-9822
-9821
-9811
-9808
-9807
-9801
-9801
-9797
-9797
-9797
-9788
-9784
-9781
-9781
-9775
-9772
-9771
-9768
-9766
-9765
-9764
-9762
-9752
-9748
-9747
-9746
-9743
-9738
-9737
-9735
-9732
-9731
-9729
-9728
-9716
-9716
-9710
-9708
-9707
-9698
-9698
-9695
-9690
-9690
-9685
-9681
-9679
-9678
-9678
-9675
-9667
-9660
-9659
-9654
-9652
-9652
-9650
-9649
-9645
-9642
-9636
-9636
-9635
-9630
-9621
-9620
-9620
-9617
-9617
-9617
-9616
-9616
-9601
-9599
-9585
-9572
-9570
-9567
-9567
-9566
-9560
-9559
-9559
-9557
-9552
-9550
-9549
-9543
-9539
-9537
-9536
-9534
-9533
-9533
-9532
-9523
-9523
-9521
-9521
-9516
-9515
-9515
-9511
-9508
-9505
-9504
-9502
-9498
-9495
-9493
-9493
-9489
-9487
-9483
-9483
-9481
-9473
-9468
-9468
-9461
-9460
-9460
-9460
-9460
-9458
-9455
-9451
-9451
-9428
-9421
-9419
-9417
-9415
-9411
-9408
-9393
-9388
-9379
-9376
-9375
-9372
-9367
-9355
-9353
-9345
-9341
-9340
-9340
-9335
-9334
-9329
-9328
-9327
-9327
-9325
-9308
-9298
-9292
-9290
-9284
-9280
-9279
-9265
-9262
-9258
-9255
-9254
-9252
-9247
-9246
-9235
-9231
-9225
-9222
-9221
-9219
-9212
-9211
-9205
-9205
-9199
-9198
-9194
-9190
-9188
-9183
-9178
-9175
-9173
-9170
-9162
-9160
-9154
-9152
-9149
-9146
-9144
-9144
-9143
-9143
-9141
-9138
-9132
-9130
-9129
-9121
-9121
-9121
-9117
-9116
-9113
-9112
-9110
-9109
-9106
-9105
-9100
-9098
-9098
-9095
-9087
-9085
-9084
-9083
-9082
-9082
-9080
-9062
-9057
-9055
-9055
-9034
-9028
-9026
-9025
-9017
-9011
-9011
-9010
-9010
-9008
-9007
-8994
-8992
-8977
-8977
-8977
-8970
-8964
-8951
-8948
-8945
-8943
-8942
-8942
-8937
-8935
-8935
-8933
-8931
-8921
-8916
-8915
-8914
-8913
-8910
-8908
-8905
-8904
-8902
-8900
-8896
-8892
-8892
-8891
-8891
-8891
-8885
-8876
-8872
-8869
-8867
-8865
-8860
-8860
-8855
-8852
-8849
-8849
-8848
-8845
-8843
-8839
-8839
-8838
-8837
-8836
-8834
-8832
-8811
-8810
-8805
-8803
-8801
-8798
-8797
-8793
-8792
-8791
-8787
-8780
-8779
-8779
-8778
-8772
-8770
-8767
-8764
-8764
-8756
-8754
-8750
-8747
-8744
-8744
-8743
-8737
-8725
-8725
-8718
-8718
-8717
-8717
-8715
-8713
-8711
-8704
-8704
-8701
-8701
-8695
-8695
-8690
-8690
-8689
-8682
-8672
-8666
-8665
-8664
-8663
-8663
-8662
-8656
-8656
-8655
-8653
-8646
-8645
-8643
-8642
-8637
-8633
-8626
-8622
-8615
-8615
-8609
-8601
-8600
-8598
-8596
-8593
-8590
-8579
-8574
-8572
-8572
-8570
-8568
-8550
-8537
-8534
-8526
-8521
-8520
-8519
-8504
-8501
-8497
-8497
-8496
-8496
-8485
-8483
-8482
-8478
-8478
-8471
-8468
-8465
-8457
-8450
-8440
-8434
-8433
-8431
-8430
-8429
-8425
-8425
-8422
-8418
-8417
-8413
-8412
-8412
-8408
-8408
-8407
-8402
-8397
-8390
-8386
-8382
-8376
-8373
-8360
-8357
-8354
-8349
-8341
-8339
-8338
-8337
-8328
-8327
-8323
-8322
-8311
-8308
-8304
-8303
-8302
-8297
-8293
-8291
-8283
-8280
-8277
-8277
-8277
-8276
-8270
-8270
-8267
-8266
-8263
-8259
-8258
-8258
-8239
-8237
-8235
-8230
-8224
-8223
-8217
-8215
-8215
-8212
-8211
-8209
-8206
-8206
-8201
-8199
-8197
-8196
-8195
-8189
-8189
-8181
-8172
-8170
-8166
-8166
-8152
-8149
-8148
-8146
-8144
-8140
-8138
-8137
-8136
-8133
-8131
-8131
-8127
-8127
-8126
-8125
-8123
-8117
-8117
-8111
-8108
-8102
-8100
-8097
-8093
-8091
-8080
-8073
-8070
-8070
-8069
-8068
-8059
-8059
-8059
-8057
-8056
-8054
-8044
-8044
-8040
-8039
-8037
-8032
-8031
-8026
-8025
-8023
-8023
-8022
-8020
-8018
-8010
-8005
-8003
-8003
-8003
-8002
-8000
-8000
-7996
-7996
-7995
-7989
-7989
-7987
-7984
-7983
-7983
-7978
-7972
-7969
-7964
-7962
-7962
-7955
-7952
-7949
-7946
-7946
-7938
-7929
-7927
-7911
-7906
-7903
-7900
-7897
-7893
-7892
-7891
-7890
-7890
-7887
-7885
-7880
-7878
-7876
-7873
-7870
-7869
-7869
-7864
-7861
-7857
-7857
-7854
-7854
-7848
-7838
-7837
-7833
-7832
-7831
-7830
-7820
-7802
-7801
-7792
-7791
-7789
-7788
-7787
-7786
-7777
-7773
-7772
-7770
-7767
-7759
-7756
-7752
-7747
-7745
-7740
-7739
-7731
-7730
-7725
-7713
-7711
-7711
-7702
-7700
-7699
-7697
-7691
-7688
-7688
-7683
-7680
-7678
-7677
-7676
-7674
-7669
-7667
-7664
-7663
-7661
-7661
-7660
-7659
-7654
-7652
-7651
-7645
-7645
-7642
-7631
-7631
-7630
-7627
-7624
-7621
-7619
-7615
-7605
-7604
-7598
-7590
-7588
-7584
-7580
-7579
-7578
-7576
-7576
-7560
-7557
-7556
-7555
-7552
-7550
-7548
-7548
-7545
-7535
-7533
-7531
-7530
-7516
-7512
-7511
-7508
-7503
-7499
-7498
-7493
-7493
-7492
-7487
-7482
-7476
-7474
-7472
-7466
-7465
-7464
-7461
-7461
-7458
-7455
-7453
-7453
-7451
-7450
-7449
-7448
-7446
-7445
-7442
-7441
-7427
-7426
-7421
-7419
-7418
-7415
-7412
-7407
-7405
-7404
-7401
-7401
-7400
-7399
-7396
-7393
-7392
-7390
-7387
-7377
-7374
-7373
-7373
-7360
-7360
-7354
-7349
-7343
-7336
-7335
-7333
-7330
-7325
-7311
-7311
-7309
-7307
-7306
-7305
-7304
-7302
-7298
-7297
-7296
-7295
-7293
-7292
-7289
-7288
-7284
-7281
-7276
-7265
-7261
-7258
-7254
-7250
-7248
-7238
-7231
-7227
-7224
-7222
-7217
-7215
-7203
-7195
-7193
-7190
-7186
-7185
-7179
-7163
-7160
-7156
-7155
-7151
-7135
-7132
-7131
-7130
-7126
-7123
-7122
-7118
-7118
-7117
-7113
-7110
-7108
-7108
-7106
-7101
-7093
-7085
-7084
-7082
-7073
-7070
-7069
-7069
-7067
-7065
-7064
-7063
-7062
-7059
-7055
-7042
-7039
-7038
-7029
-7029
-7026
-7024
-7019
-7018
-7013
-7009
-7008
-6998
-6996
-6995
-6994
-6982
-6978
-6976
-6971
-6962
-6958
-6958
-6955
-6954
-6934
-6932
-6925
-6921
-6920
-6919
-6917
-6916
-6896
-6896
-6895
-6891
-6887
-6887
-6884
-6882
-6880
-6880
-6878
-6876
-6876
-6875
-6871
-6869
-6868
-6868
-6860
-6859
-6857
-6856
-6852
-6848
-6848
-6846
-6837
-6832
-6828
-6822
-6817
-6816
-6810
-6809
-6807
-6805
-6805
-6800
-6795
-6789
-6782
-6782
-6774
-6767
-6759
-6758
-6737
-6736
-6730
-6725
-6725
-6721
-6707
-6690
-6689
-6688
-6688
-6684
-6676
-6672
-6669
-6661
-6657
-6654
-6653
-6649
-6643
-6642
-6629
-6625
-6621
-6617
-6615
-6613
-6611
-6609
-6602
-6601
-6600
-6600
-6594
-6594
-6593
-6590
-6590
-6580
-6569
-6568
-6568
-6565
-6556
-6551
-6549
-6540
-6538
-6537
-6536
-6536
-6533
-6533
-6530
-6527
-6525
-6525
-6525
-6523
-6515
-6515
-6507
-6489
-6478
-6478
-6467
-6462
-6460
-6459
-6453
-6449
-6442
-6441
-6436
-6435
-6432
-6425
-6422
-6422
-6422
-6420
-6419
-6413
-6406
-6402
-6401
-6400
-6399
-6395
-6393
-6383
-6381
-6379
-6377
-6375
-6367
-6362
-6353
-6351
-6348
-6347
-6344
-6344
-6343
-6342
-6336
-6335
-6335
-6330
-6326
-6316
-6308
-6308
-6303
-6300
-6294
-6293
-6281
-6280
-6280
-6277
-6277
-6271
-6267
-6256
-6253
-6250
-6249
-6244
-6242
-6241
-6241
-6240
-6239
-6237
-6233
-6228
-6220
-6218
-6216
-6215
-6212
-6207
-6205
-6203
-6199
-6199
-6194
-6190
-6188
-6185
-6184
-6181
-6181
-6181
-6180
-6179
-6175
-6160
-6159
-6149
-6145
-6131
-6125
-6125
-6120
-6119
-6115
-6113
-6110
-6107
-6101
-6101
-6098
-6098
-6096
-6096
-6092
-6090
-6090
-6085
-6083
-6081
-6074
-6074
-6071
-6070
-6064
-6061
-6059
-6042
-6041
-6039
-6033
-6033
-6030
-6026
-6018
-6012
-6006
-6005
-6003
-6001
-6001
-6000
-5994
-5993
-5992
-5990
-5987
-5987
-5983
-5978
-5977
-5975
-5972
-5968
-5964
-5961
-5958
-5957
-5955
-5953
-5943
-5940
-5936
-5934
-5924
-5917
-5917
-5916
-5915
-5915
-5914
-5912
-5909
-5902
-5901
-5898
-5898
-5894
-5893
-5885
-5879
-5877
-5877
-5875
-5865
-5853
-5851
-5845
-5844
-5843
-5841
-5835
-5828
-5828
-5827
-5826
-5825
-5824
-5823
-5810
-5809
-5799
-5798
-5792
-5786
-5786
-5784
-5783
-5783
-5777
-5776
-5768
-5753
-5748
-5748
-5746
-5745
-5744
-5743
-5741
-5736
-5735
-5731
-5729
-5726
-5720
-5717
-5715
-5713
-5706
-5706
-5706
-5706
-5705
-5704
-5703
-5702
-5699
-5696
-5695
-5686
-5685
-5683
-5683
-5675
-5671
-5670
-5663
-5661
-5659
-5650
-5646
-5638
-5637
-5636
-5635
-5630
-5628
-5627
-5625
-5622
-5622
-5619
-5618
-5610
-5606
-5594
-5593
-5589
-5588
-5586
-5586
-5585
-5581
-5578
-5577
-5576
-5575
-5574
-5571
-5570
-5567
-5564
-5563
-5560
-5559
-5556
-5551
-5545
-5541
-5540
-5539
-5539
-5538
-5534
-5528
-5522
-5517
-5516
-5514
-5511
-5507
-5504
-5501
-5500
-5500
-5497
-5492
-5490
-5479
-5479
-5477
-5474
-5473
-5468
-5460
-5458
-5458
-5454
-5448
-5448
-5445
-5443
-5440
-5438
-5437
-5432
-5432
-5428
-5422
-5417
-5415
-5413
-5409
-5407
-5407
-5403
-5399
-5397
-5396
-5392
-5387
-5385
-5384
-5382
-5382
-5376
-5375
-5372
-5369
-5363
-5360
-5357
-5356
-5339
-5336
-5334
-5334
-5332
-5331
-5327
-5327
-5325
-5319
-5314
-5311
-5310
-5310
-5308
-5303
-5292
-5289
-5287
-5284
-5278
-5273
-5259
-5256
-5255
-5249
-5246
-5237
-5234
-5234
-5230
-5227
-5227
-5225
-5224
-5224
-5223
-5212
-5210
-5207
-5200
-5197
-5192
-5191
-5191
-5186
-5173
-5173
-5172
-5172
-5166
-5162
-5162
-5160
-5159
-5152
-5146
-5145
-5140
-5138
-5136
-5125
-5122
-5121
-5116
-5112
-5090
-5084
-5084
-5083
-5079
-5064
-5063
-5060
-5060
-5059
-5050
-5046
-5041
-5040
-5036
-5036
-5032
-5016
-5016
-5014
-5010
-5007
-5002
-5002
-5001
-5000
-4998
-4990
-4988
-4986
-4983
-4975
-4973
-4966
-4963
-4961
-4958
-4956
-4953
-4952
-4949
-4948
-4939
-4936
-4931
-4930
-4928
-4928
-4927
-4925
-4921
-4921
-4918
-4912
-4911
-4910
-4906
-4905
-4900
-4897
-4890
-4888
-4888
-4883
-4881
-4880
-4879
-4875
-4875
-4872
-4869
-4863
-4862
-4862
-4852
-4845
-4839
-4829
-4825
-4823
-4823
-4816
-4815
-4814
-4813
-4809
-4807
-4798
-4798
-4791
-4790
-4786
-4784
-4783
-4771
-4771
-4764
-4763
-4763
-4761
-4757
-4753
-4748
-4745
-4740
-4736
-4736
-4733
-4731
-4727
-4724
-4721
-4713
-4711
-4702
-4699
-4699
-4687
-4685
-4682
-4676
-4669
-4668
-4655
-4647
-4645
-4634
-4630
-4629
-4628
-4624
-4620
-4612
-4610
-4606
-4602
-4599
-4598
-4596
-4595
-4595
-4585
-4576
-4571
-4561
-4558
-4556
-4554
-4553
-4550
-4550
-4547
-4546
-4545
-4543
-4538
-4534
-4526
-4524
-4523
-4511
-4509
-4509
-4508
-4507
-4502
-4497
-4495
-4495
-4492
-4487
-4480
-4477
-4474
-4468
-4465
-4454
-4441
-4438
-4433
-4430
-4426
-4426
-4424
-4423
-4414
-4406
-4405
-4404
-4403
-4400
-4397
-4394
-4392
-4384
-4384
-4383
-4380
-4375
-4371
-4365
-4364
-4362
-4361
-4356
-4356
-4350
-4347
-4345
-4343
-4341
-4341
-4340
-4339
-4335
-4335
-4331
-4330
-4329
-4323
-4318
-4317
-4315
-4314
-4310
-4309
-4309
-4308
-4307
-4305
-4304
-4302
-4301
-4301
-4300
-4296
-4295
-4286
-4283
-4278
-4273
-4265
-4262
-4257
-4254
-4250
-4248
-4247
-4246
-4236
-4232
-4228
-4226
-4225
-4225
-4225
-4219
-4217
-4213
-4203
-4202
-4196
-4194
-4190
-4190
-4186
-4183
-4178
-4171
-4165
-4161
-4160
-4154
-4145
-4144
-4141
-4139
-4138
-4134
-4134
-4134
-4132
-4130
-4129
-4125
-4124
-4120
-4115
-4113
-4109
-4109
-4108
-4107
-4104
-4103
-4103
-4096
-4094
-4093
-4091
-4090
-4089
-4088
-4088
-4087
-4083
-4077
-4077
-4071
-4067
-4066
-4064
-4061
-4059
-4055
-4042
-4039
-4039
-4032
-4030
-4028
-4027
-4025
-4023
-4022
-4018
-4015
-4007
-4001
-3999
-3994
-3991
-3990
-3977
-3970
-3968
-3968
-3963
-3960
-3958
-3958
-3951
-3950
-3946
-3945
-3939
-3935
-3931
-3928
-3928
-3928
-3923
-3919
-3911
-3910
-3902
-3895
-3895
-3894
-3893
-3890
-3889
-3884
-3883
-3880
-3880
-3879
-3875
-3868
-3867
-3866
-3858
-3856
-3854
-3854
-3852
-3849
-3847
-3846
-3846
-3842
-3837
-3836
-3834
-3834
-3833
-3824
-3822
-3816
-3813
-3813
-3811
-3805
-3802
-3799
-3794
-3790
-3789
-3783
-3777
-3773
-3772
-3765
-3764
-3760
-3760
-3758
-3757
-3755
-3755
-3754
-3749
-3746
-3746
-3739
-3729
-3713
-3710
-3709
-3708
-3706
-3697
-3690
-3688
-3685
-3679
-3677
-3674
-3671
-3669
-3667
-3666
-3661
-3661
-3660
-3658
-3655
-3654
-3654
-3650
-3649
-3648
-3646
-3637
-3636
-3633
-3628
-3624
-3624
-3623
-3612
-3604
-3604
-3601
-3590
-3587
-3583
-3575
-3574
-3566
-3565
-3558
-3557
-3550
-3548
-3546
-3543
-3540
-3539
-3535
-3528
-3524
-3519
-3505
-3501
-3495
-3494
-3493
-3492
-3492
-3491
-3487
-3487
-3481
-3476
-3472
-3471
-3464
-3463
-3459
-3456
-3456
-3453
-3452
-3450
-3450
-3448
-3448
-3447
-3446
-3445
-3442
-3437
-3435
-3434
-3424
-3408
-3405
-3400
-3390
-3390
-3385
-3384
-3383
-3379
-3376
-3374
-3363
-3361
-3355
-3353
-3352
-3346
-3346
-3346
-3342
-3340
-3334
-3330
-3322
-3320
-3320
-3320
-3319
-3307
-3304
-3290
-3282
-3282
-3269
-3266
-3263
-3259
-3251
-3246
-3244
-3241
-3241
-3240
-3240
-3238
-3238
-3234
-3231
-3227
-3222
-3221
-3220
-3220
-3220
-3218
-3214
-3212
-3208
-3205
-3204
-3197
-3194
-3191
-3189
-3187
-3182
-3181
-3176
-3175
-3174
-3173
-3159
-3157
-3151
-3151
-3149
-3144
-3143
-3138
-3138
-3138
-3138
-3133
-3131
-3130
-3126
-3123
-3122
-3122
-3121
-3118
-3114
-3098
-3098
-3094
-3093
-3093
-3093
-3090
-3087
-3080
-3073
-3073
-3067
-3067
-3053
-3052
-3048
-3047
-3046
-3045
-3042
-3038
-3026
-3026
-3024
-3023
-3022
-3021
-3018
-3016
-3013
-3012
-3006
-2999
-2995
-2991
-2982
-2980
-2977
-2976
-2964
-2955
-2946
-2945
-2942
-2939
-2939
-2931
-2931
-2931
-2929
-2925
-2925
-2923
-2918
-2918
-2916
-2911
-2911
-2908
-2907
-2898
-2898
-2896
-2894
-2893
-2893
-2886
-2883
-2881
-2880
-2878
-2874
-2874
-2874
-2866
-2865
-2864
-2858
-2852
-2843
-2840
-2834
-2834
-2824
-2816
-2810
-2810
-2805
-2804
-2803
-2799
-2799
-2793
-2791
-2786
-2784
-2779
-2775
-2772
-2771
-2770
-2760
-2756
-2754
-2752
-2751
-2748
-2743
-2741
-2736
-2735
-2734
-2731
-2730
-2724
-2708
-2708
-2701
-2697
-2689
-2689
-2686
-2685
-2679
-2678
-2671
-2670
-2667
-2667
-2666
-2661
-2656
-2653
-2644
-2637
-2634
-2625
-2625
-2624
-2621
-2620
-2611
-2610
-2609
-2607
-2606
-2599
-2599
-2598
-2596
-2596
-2593
-2593
-2590
-2588
-2584
-2580
-2573
-2566
-2565
-2557
-2554
-2553
-2550
-2546
-2540
-2532
-2532
-2531
-2529
-2528
-2518
-2513
-2509
-2506
-2506
-2501
-2500
-2498
-2497
-2495
-2487
-2473
-2471
-2469
-2466
-2466
-2459
-2456
-2454
-2453
-2452
-2450
-2448
-2443
-2437
-2433
-2430
-2424
-2420
-2418
-2417
-2412
-2412
-2410
-2407
-2407
-2406
-2406
-2398
-2398
-2392
-2392
-2390
-2390
-2386
-2385
-2383
-2376
-2375
-2368
-2368
-2367
-2366
-2365
-2364
-2363
-2361
-2360
-2359
-2358
-2357
-2348
-2336
-2333
-2328
-2325
-2321
-2321
-2320
-2317
-2317
-2306
-2305
-2303
-2302
-2297
-2292
-2288
-2287
-2284
-2277
-2276
-2275
-2268
-2265
-2264
-2261
-2243
-2242
-2239
-2238
-2237
-2230
-2228
-2222
-2222
-2219
-2212
-2206
-2204
-2202
-2198
-2197
-2190
-2187
-2187
-2186
-2184
-2184
-2169
-2165
-2152
-2142
-2140
-2137
-2135
-2135
-2135
-2128
-2127
-2121
-2118
-2115
-2113
-2111
-2109
-2105
-2097
-2088
-2074
-2073
-2065
-2054
-2052
-2050
-2049
-2047
-2042
-2040
-2038
-2023
-2020
-2019
-2015
-2014
-2010
-2007
-2006
-2002
-1997
-1996
-1989
-1985
-1985
-1985
-1984
-1984
-1974
-1970
-1970
-1964
-1961
-1960
-1957
-1956
-1955
-1955
-1946
-1944
-1944
-1941
-1940
-1934
-1925
-1923
-1923
-1921
-1920
-1919
-1914
-1912
-1910
-1909
-1902
-1898
-1897
-1897
-1894
-1886
-1879
-1876
-1875
-1871
-1865
-1863
-1861
-1860
-1860
-1857
-1848
-1847
-1846
-1842
-1842
-1838
-1833
-1831
-1826
-1823
-1818
-1815
-1805
-1802
-1794
-1793
-1783
-1779
-1778
-1777
-1774
-1772
-1770
-1768
-1768
-1767
-1764
-1759
-1758
-1754
-1752
-1750
-1745
-1743
-1743
-1743
-1741
-1740
-1735
-1732
-1725
-1724
-1721
-1720
-1715
-1713
-1707
-1699
-1695
-1690
-1689
-1686
-1683
-1681
-1675
-1674
-1674
-1671
-1670
-1663
-1662
-1661
-1660
-1657
-1657
-1653
-1647
-1646
-1631
-1630
-1629
-1621
-1616
-1612
-1612
-1607
-1607
-1604
-1603
-1599
-1595
-1593
-1593
-1585
-1584
-1582
-1579
-1571
-1568
-1566
-1564
-1563
-1563
-1559
-1558
-1548
-1545
-1543
-1539
-1531
-1529
-1528
-1528
-1516
-1515
-1515
-1508
-1505
-1502
-1500
-1496
-1494
-1493
-1493
-1493
-1490
-1490
-1488
-1484
-1481
-1481
-1476
-1460
-1459
-1451
-1451
-1448
-1445
-1440
-1438
-1435
-1428
-1426
-1423
-1421
-1421
-1419
-1417
-1414
-1411
-1405
-1399
-1395
-1394
-1393
-1391
-1387
-1383
-1381
-1379
-1378
-1377
-1375
-1374
-1371
-1371
-1370
-1366
-1363
-1361
-1360
-1359
-1359
-1357
-1357
-1352
-1351
-1346
-1345
-1328
-1322
-1321
-1320
-1311
-1308
-1301
-1299
-1294
-1294
-1293
-1289
-1285
-1283
-1266
-1266
-1262
-1256
-1251
-1246
-1246
-1246
-1245
-1243
-1242
-1239
-1238
-1238
-1236
-1234
-1218
-1214
-1212
-1209
-1208
-1200
-1200
-1198
-1194
-1193
-1184
-1184
-1184
-1180
-1178
-1162
-1158
-1154
-1151
-1145
-1145
-1137
-1135
-1134
-1133
-1130
-1128
-1128
-1126
-1126
-1125
-1121
-1119
-1119
-1117
-1112
-1110
-1108
-1104
-1102
-1102
-1101
-1093
-1093
-1093
-1091
-1087
-1079
-1072
-1069
-1064
-1050
-1045
-1040
-1037
-1037
-1036
-1034
-1033
-1032
-1028
-1028
-1014
-1013
-1013
-1013
-1009
-1007
-1006
-1003
-999
-998
-993
-979
-977
-976
-972
-969
-968
-967
-960
-952
-950
-942
-939
-936
-936
-931
-929
-926
-925
-923
-920
-916
-916
-914
-914
-914
-912
-911
-906
-891
-888
-885
-880
-878
-878
-854
-848
-847
-847
-840
-837
-822
-818
-816
-815
-810
-809
-804
-802
-794
-793
-787
-786
-782
-778
-777
-773
-768
-765
-763
-762
-761
-760
-758
-754
-751
-748
-745
-744
-735
-730
-718
-718
-718
-709
-708
-707
-706
-705
-694
-677
-676
-671
-670
-666
-665
-664
-661
-659
-657
-656
-654
-654
-650
-642
-638
-635
-634
-627
-625
-624
-623
-623
-618
-605
-603
-602
-596
-596
-595
-593
-592
-592
-590
-583
-581
-581
-576
-572
-571
-571
-570
-569
-565
-562
-561
-557
-556
-555
-550
-549
-548
-541
-537
-536
-532
-532
-526
-521
-520
-519
-518
-517
-515
-514
-514
-512
-509
-502
-502
-498
-493
-492
-487
-478
-476
-460
-456
-455
-446
-443
-442
-442
-439
-439
-438
-436
-435
-435
-430
-428
-428
-422
-417
-417
-417
-416
-414
-403
-397
-396
-392
-390
-382
-381
-377
-368
-367
-364
-359
-355
-355
-353
-347
-345
-343
-335
-332
-331
-323
-322
-318
-313
-312
-309
-303
-302
-298
-298
-295
-295
-293
-287
-286
-284
-284
-283
-283
-283
-278
-272
-269
-268
-267
-266
-265
-258
-255
-254
-244
-244
-244
-244
-242
-241
-238
-225
-220
-195
-192
-190
-181
-175
-172
-168
-167
-166
-165
-165
-159
-158
-157
-149
-148
-146
-145
-139
-133
-132
-128
-127
-126
-126
-124
-109
-105
-104
-103
-102
-102
-101
-101
-93
-91
-87
-80
-66
-63
-62
-56
-52
-50
-49
-47
-46
-45
-44
-44
-40
-39
-38
-34
-23
-17
-16
-12
4
13
15
22
23
30
40
47
51
53
56
56
63
65
70
78
80
81
83
84
84
84
86
91
108
114
115
115
116
117
129
136
136
151
158
161
162
166
166
169
178
182
182
192
193
200
201
203
205
206
206
207
208
211
212
215
217
229
233
241
243
243
250
251
258
258
264
266
270
274
283
288
294
295
295
300
304
310
313
314
318
319
321
325
327
330
331
332
334
344
344
346
348
352
356
358
359
365
371
372
374
377
377
381
386
395
399
408
411
415
417
421
423
424
425
428
428
429
441
442
444
445
445
450
452
457
457
460
462
470
473
474
475
476
483
485
490
493
495
499
500
508
510
512
526
528
533
539
540
541
542
550
554
555
558
561
565
569
572
579
583
589
589
594
596
598
600
600
601
607
608
616
621
621
623
628
628
630
631
632
633
639
649
652
657
658
666
666
671
673
680
681
682
690
693
703
706
706
710
712
713
720
720
720
724
724
727
734
735
741
742
749
752
752
754
757
765
770
773
774
774
785
794
799
804
806
809
809
816
821
822
823
823
824
826
830
839
839
840
843
844
850
850
852
853
858
861
862
869
869
870
870
877
879
881
884
886
888
899
899
907
908
912
913
929
939
944
951
959
964
966
967
979
983
985
986
988
991
992
994
1005
1015
1016
1018
1022
1025
1027
1028
1037
1038
1038
1044
1047
1048
1049
1053
1054
1055
1055
1055
1058
1059
1068
1069
1071
1074
1074
1077
1078
1081
1082
1086
1097
1099
1116
1117
1118
1122
1125
1125
1135
1136
1136
1137
1141
1142
1142
1147
1154
1157
1158
1163
1164
1166
1169
1169
1170
1171
1174
1186
1186
1188
1192
1193
1195
1200
1201
1201
1202
1203
1206
1207
1208
1215
1221
1227
1228
1229
1232
1233
1236
1239
1240
1241
1246
1249
1250
1258
1261
1267
1268
1270
1276
1276
1285
1287
1290
1300
1300
1303
1306
1308
1309
1316
1325
1326
1330
1330
1335
1337
1340
1340
1340
1344
1345
1345
1347
1348
1363
1369
1374
1379
1390
1391
1392
1393
1393
1394
1397
1397
1398
1419
1420
1424
1442
1444
1447
1448
1449
1456
1458
1460
1472
1475
1476
1477
1478
1481
1487
1494
1496
1499
1504
1505
1506
1506
1510
1512
1515
1518
1518
1519
1523
1523
1528
1530
1533
1539
1539
1540
1546
1546
1550
1556
1557
1559
1562
1562
1562
1567
1570
1570
1571
1575
1577
1581
1585
1590
1591
1592
1592
1598
1599
1601
1612
1615
1618
1624
1625
1628
1629
1635
1640
1642
1643
1645
1649
1652
1653
1655
1657
1659
1660
1675
1677
1677
1678
1678
1681
1681
1691
1692
1702
1703
1704
1715
1715
1719
1720
1721
1725
1727
1728
1731
1732
1738
1742
1744
1746
1749
1750
1752
1752
1753
1757
1764
1771
1775
1783
1783
1787
1787
1791
1792
1795
1799
1806
1807
1807
1817
1818
1830
1834
1839
1839
1844
1847
1847
1854
1855
1855
1857
1862
1866
1867
1872
1875
1876
1876
1885
1888
1892
1894
1898
1900
1900
1901
1911
1913
1915
1917
1917
1935
1936
1938
1947
1950
1951
1952
1954
1958
1962
1969
1969
1978
1981
1983
1984
1987
1990
1991
1999
2003
2005
2006
2009
2013
2014
2020
2030
2035
2040
2041
2041
2051
2057
2059
2060
2060
2061
2065
2072
2072
2073
2073
2074
2078
2078
2084
2087
2087
2094
2096
2099
2107
2110
2111
2114
2120
2126
2133
2136
2142
2146
2151
2153
2155
2157
2168
2171
2178
2180
2186
2186
2188
2201
2201
2202
2205
2205
2206
2210
2212
2215
2217
2221
2227
2230
2230
2231
2233
2235
2238
2242
2244
2246
2247
2248
2248
2250
2251
2253
2253
2260
2268
2268
2272
2278
2279
2281
2283
2284
2292
2294
2294
2294
2295
2299
2300
2301
2303
2313
2314
2317
2320
2320
2323
2323
2326
2332
2333
2334
2335
2335
2337
2338
2341
2342
2344
2355
2357
2369
2373
2376
2376
2377
2379
2379
2379
2381
2388
2392
2392
2403
2404
2409
2412
2413
2422
2422
2422
2426
2427
2432
2436
2439
2440
2443
2444
2444
2445
2446
2450
2452
2455
2457
2459
2463
2465
2465
2466
2466
2480
2481
2483
2492
2499
2501
2503
2512
2513
2516
2519
2525
2530
2530
2532
2533
2537
2552
2555
2555
2555
2556
2561
2575
2579
2581
2582
2589
2593
2598
2600
2602
2607
2607
2619
2625
2636
2639
2640
2643
2646
2652
2654
2656
2656
2661
2663
2664
2667
2673
2675
2683
2683
2684
2689
2689
2691
2694
2695
2697
2701
2707
2710
2710
2711
2712
2712
2713
2714
2714
2715
2720
2721
2722
2726
2741
2744
2744
2746
2748
2752
2757
2757
2758
2766
2766
2771
2771
2773
2777
2778
2785
2786
2789
2792
2793
2795
2801
2804
2812
2815
2816
2820
2822
2823
2824
2829
2832
2834
2838
2841
2849
2868
2869
2871
2881
2881
2886
2888
2892
2895
2897
2898
2902
2902
2906
2907
2912
2914
2915
2929
2931
2940
2954
2968
2970
2974
2976
2979
2985
2986
2989
2990
2992
2998
3013
3014
3014
3019
3022
3023
3027
3029
3030
3030
3037
3041
3043
3052
3055
3060
3062
3064
3065
3068
3072
3076
3077
3080
3080
3081
3083
3084
3085
3089
3090
3097
3098
3100
3102
3106
3107
3107
3108
3114
3118
3128
3129
3131
3139
3146
3148
3150
3154
3156
3168
3169
3169
3172
3174
3175
3184
3186
3187
3199
3204
3206
3210
3212
3218
3218
3219
3223
3223
3223
3228
3232
3233
3235
3240
3246
3248
3251
3252
3262
3264
3264
3266
3269
3271
3276
3276
3278
3279
3279
3280
3281
3285
3287
3287
3294
3296
3296
3299
3300
3302
3305
3305
3307
3309
3312
3312
3312
3313
3328
3329
3331
3331
3335
3335
3341
3341
3342
3345
3352
3353
3354
3365
3367
3368
3369
3378
3380
3381
3386
3387
3388
3390
3396
3398
3399
3402
3402
3403
3404
3407
3409
3410
3413
3418
3418
3418
3425
3427
3429
3431
3431
3432
3438
3459
3468
3471
3471
3472
3478
3481
3483
3486
3491
3494
3499
3502
3508
3512
3514
3515
3517
3521
3528
3529
3530
3531
3534
3536
3540
3540
3541
3543
3549
3563
3564
3565
3566
3568
3569
3571
3575
3581
3586
3590
3591
3592
3593
3595
3596
3598
3599
3601
3601
3601
3606
3608
3614
3620
3629
3633
3634
3639
3641
3644
3648
3653
3654
3654
3657
3659
3660
3667
3667
3670
3672
3674
3678
3682
3682
3683
3684
3687
3689
3689
3690
3695
3700
3700
3701
3701
3706
3710
3718
3723
3730
3734
3739
3740
3741
3745
3747
3749
3751
3752
3752
3753
3759
3759
3766
3775
3776
3776
3786
3786
3787
3787
3790
3792
3795
3800
3800
3800
3800
3804
3806
3806
3808
3810
3811
3816
3821
3832
3833
3834
3839
3841
3845
3846
3853
3854
3855
3870
3876
3876
3884
3884
3885
3889
3891
3895
3895
3896
3897
3901
3905
3906
3914
3924
3925
3928
3928
3932
3937
3940
3943
3945
3945
3950
3950
3950
3952
3954
3957
3957
3959
3970
3970
3972
3973
3976
3980
3983
3990
3990
3997
3998
3998
4000
4003
4008
4009
4011
4018
4020
4032
4032
4033
4033
4033
4035
4037
4038
4041
4043
4049
4050
4061
4065
4065
4066
4067
4071
4073
4077
4078
4080
4080
4082
4089
4091
4091
4093
4093
4096
4098
4099
4102
4105
4106
4110
4119
4126
4131
4140
4140
4143
4145
4148
4154
4154
4155
4157
4159
4164
4169
4173
4173
4178
4182
4183
4187
4193
4194
4194
4197
4197
4200
4211
4212
4215
4217
4217
4218
4221
4225
4226
4226
4232
4237
4237
4243
4248
4250
4257
4258
4260
4260
4260
4262
4265
4265
4266
4269
4271
4273
4280
4281
4283
4283
4283
4283
4284
4288
4288
4292
4303
4312
4317
4320
4327
4327
4331
4335
4339
4340
4344
4344
4348
4352
4353
4353
4358
4364
4376
4377
4377
4386
4387
4387
4395
4398
4400
4401
4402
4407
4412
4415
4416
4416
4416
4417
4418
4419
4420
4422
4422
4424
4442
4446
4447
4451
4455
4457
4459
4465
4468
4468
4472
4481
4494
4494
4505
4506
4510
4512
4516
4517
4520
4529
4530
4534
4537
4537
4542
4556
4560
4561
4561
4562
4566
4572
4584
4584
4584
4585
4589
4592
4596
4596
4604
4606
4607
4614
4615
4618
4619
4620
4622
4623
4628
4632
4633
4642
4642
4643
4644
4645
4645
4645
4650
4650
4664
4664
4668
4669
4671
4677
4684
4686
4687
4689
4691
4695
4697
4697
4697
4698
4699
4699
4699
4700
4702
4703
4707
4715
4715
4715
4717
4717
4721
4725
4726
4726
4728
4730
4730
4732
4732
4736
4736
4746
4749
4752
4753
4753
4755
4760
4770
4771
4773
4774
4780
4781
4785
4791
4800
4801
4801
4801
4805
4813
4814
4819
4836
4838
4838
4845
4845
4845
4846
4846
4851
4855
4858
4861
4869
4873
4877
4880
4882
4884
4884
4888
4893
4901
4903
4906
4907
4908
4909
4910
4910
4912
4915
4917
4918
4918
4919
4930
4930
4935
4938
4938
4940
4947
4954
4958
4962
4963
4967
4968
4971
4975
4975
4980
4981
4984
4984
4991
4991
4991
4992
4993
4995
4996
4999
5005
5006
5013
5026
5028
5028
5030
5031
5033
5033
5036
5036
5041
5042
5043
5047
5047
5050
5050
5052
5056
5064
5065
5065
5074
5074
5076
5079
5082
5082
5091
5093
5093
5095
5096
5096
5096
5097
5103
5104
5110
5113
5114
5118
5118
5122
5128
5134
5135
5137
5145
5148
5152
5155
5160
5162
5164
5164
5165
5172
5178
5179
5179
5180
5181
5184
5192
5193
5194
5195
5197
5207
5212
5213
5215
5216
5221
5222
5231
5234
5234
5239
5241
5247
5249
5251
5258
5266
5266
5267
5270
5275
5276
5278
5282
5288
5300
5302
5308
5310
5311
5319
5321
5322
5323
5325
5326
5327
5330
5334
5335
5341
5341
5343
5343
5344
5352
5352
5355
5367
5370
5371
5373
5376
5379
5380
5383
5385
5395
5398
5404
5405
5409
5410
5411
5414
5422
5430
5431
5434
5440
5444
5445
5456
5457
5458
5462
5463
5473
5474
5475
5476
5477
5479
5483
5484
5488
5490
5492
5497
5498
5498
5501
5502
5504
5505
5507
5509
5511
5512
5518
5518
5523
5524
5526
5528
5530
5537
5543
5547
5552
5562
5562
5565
5565
5571
5577
5579
5580
5584
5585
5587
5591
5596
5596
5597
5599
5601
5601
5601
5602
5604
5608
5619
5622
5629
5631
5632
5632
5632
5635
5641
5649
5650
5654
5660
5661
5662
5667
5669
5673
5678
5687
5687
5702
5702
5703
5707
5709
5721
5722
5722
5723
5746
5750
5750
5756
5759
5765
5768
5770
5776
5778
5779
5782
5783
5784
5784
5788
5790
5791
5794
5795
5803
5804
5807
5811
5812
5812
5814
5814
5816
5828
5831
5833
5835
5839
5840
5842
5846
5850
5850
5854
5858
5866
5872
5883
5887
5893
5895
5896
5901
5907
5907
5908
5911
5913
5915
5918
5924
5929
5930
5933
5935
5939
5949
5951
5953
5953
5953
5955
5959
5962
5965
5970
5972
5973
5978
5980
5988
5989
5995
6000
6002
6003
6016
6022
6026
6028
6030
6031
6038
6041
6042
6043
6044
6045
6048
6048
6060
6060
6061
6061
6071
6083
6088
6099
6100
6105
6107
6107
6109
6109
6111
6112
6113
6118
6118
6126
6128
6129
6131
6142
6147
6149
6153
6156
6166
6166
6167
6183
6184
6187
6188
6191
6195
6203
6207
6210
6210
6210
6214
6216
6219
6221
6221
6225
6236
6236
6237
6239
6246
6247
6249
6255
6255
6257
6257
6259
6263
6265
6267
6275
6276
6279
6280
6284
6285
6292
6292
6294
6295
6302
6305
6318
6320
6321
6325
6327
6328
6332
6333
6333
6337
6342
6346
6357
6358
6358
6366
6367
6372
6375
6377
6379
6386
6394
6411
6412
6412
6415
6425
6430
6432
6433
6440
6443
6445
6447
6448
6449
6449
6454
6456
6461
6465
6467
6467
6468
6475
6477
6478
6484
6486
6486
6486
6502
6502
6505
6509
6510
6514
6519
6525
6527
6527
6529
6529
6530
6534
6542
6546
6559
6560
6563
6568
6572
6573
6574
6583
6586
6588
6589
6589
6591
6591
6595
6605
6607
6615
6616
6617
6632
6633
6634
6639
6640
6641
6651
6652
6655
6658
6660
6675
6678
6678
6678
6688
6689
6690
6693
6699
6702
6705
6709
6718
6722
6722
6729
6732
6733
6734
6761
6763
6764
6769
6769
6771
6772
6775
6779
6782
6783
6785
6788
6792
6796
6800
6803
6805
6809
6811
6812
6813
6816
6818
6819
6822
6823
6824
6826
6827
6829
6830
6833
6841
6842
6848
6851
6856
6860
6862
6862
6865
6868
6873
6873
6875
6876
6879
6880
6883
6884
6888
6890
6894
6894
6896
6898
6900
6905
6906
6907
6907
6909
6913
6913
6915
6922
6935
6939
6941
6943
6944
6949
6952
6953
6957
6957
6959
6972
6972
6982
6987
6992
6994
6995
6997
7003
7004
7005
7007
7008
7009
7013
7013
7016
7017
7024
7026
7029
7042
7056
7062
7065
7071
7072
7075
7078
7098
7100
7103
7103
7104
7105
7109
7112
7118
7121
7128
7142
7146
7149
7150
7152
7152
7159
7163
7169
7173
7179
7183
7186
7189
7194
7203
7205
7206
7209
7209
7211
7231
7239
7240
7241
7244
7247
7252
7255
7256
7260
7263
7263
7267
7272
7273
7278
7283
7285
7286
7287
7288
7290
7292
7298
7300
7301
7309
7311
7316
7317
7322
7330
7331
7331
7334
7335
7341
7342
7346
7359
7360
7367
7370
7371
7371
7374
7374
7377
7379
7390
7391
7392
7392
7396
7408
7408
7409
7422
7428
7432
7434
7438
7443
7443
7448
7450
7451
7454
7455
7457
7461
7464
7465
7466
7466
7467
7468
7472
7473
7476
7482
7482
7486
7490
7492
7493
7505
7510
7518
7523
7534
7539
7547
7548
7551
7553
7558
7558
7563
7564
7565
7569
7570
7571
7572
7577
7578
7582
7583
7584
7588
7594
7595
7603
7604
7604
7605
7607
7607
7609
7610
7611
7624
7624
7625
7630
7631
7633
7636
7638
7640
7640
7644
7645
7645
7650
7654
7658
7658
7666
7667
7669
7673
7674
7678
7678
7682
7686
7689
7692
7698
7699
7700
7700
7701
7702
7704
7707
7716
7722
7731
7732
7734
7735
7737
7739
7741
7742
7746
7757
7763
7764
7766
7772
7777
7778
7785
7786
7786
7788
7788
7793
7796
7799
7808
7809
7812
7813
7813
7816
7825
7826
7826
7831
7833
7838
7840
7844
7846
7847
7849
7851
7854
7858
7859
7860
7862
7864
7868
7869
7871
7875
7880
7888
7889
7889
7894
7904
7907
7907
7913
7917
7924
7925
7929
7929
7931
7937
7943
7949
7952
7953
7963
7964
7965
7967
7968
7970
7970
7972
7982
7987
7987
7989
7997
7999
8004
8004
8006
8007
8007
8010
8010
8012
8016
8016
8018
8020
8021
8022
8024
8024
8025
8029
8034
8037
8040
8046
8052
8056
8058
8067
8072
8076
8081
8081
8089
8090
8091
8091
8094
8095
8101
8101
8102
8104
8105
8114
8116
8125
8129
8131
8132
8137
8138
8141
8143
8151
8154
8157
8158
8161
8163
8164
8172
8174
8177
8182
8182
8184
8189
8205
8208
8209
8210
8210
8210
8213
8214
8216
8221
8225
8229
8233
8235
8235
8237
8237
8238
8243
8245
8254
8255
8256
8259
8260
8261
8265
8269
8270
8285
8288
8293
8299
8301
8305
8313
8313
8313
8318
8322
8322
8324
8327
8328
8336
8339
8341
8344
8344
8346
8353
8357
8360
8362
8367
8374
8383
8384
8386
8390
8390
8391
8395
8396
8408
8413
8415
8417
8425
8430
8432
8433
8445
8445
8445
8445
8450
8451
8454
8454
8461
8464
8465
8470
8472
8482
8485
8487
8509
8515
8518
8523
8525
8525
8534
8536
8536
8542
8554
8559
8563
8563
8565
8566
8572
8573
8573
8574
8575
8576
8578
8579
8583
8585
8587
8589
8589
8595
8596
8596
8598
8602
8603
8604
8605
8605
8609
8615
8616
8617
8622
8625
8628
8629
8630
8637
8640
8644
8649
8659
8660
8662
8665
8667
8669
8675
8678
8682
8682
8683
8686
8687
8689
8695
8696
8703
8704
8706
8711
8712
8717
8719
8721
8723
8724
8728
8732
8745
8745
8745
8751
8752
8758
8766
8779
8779
8779
8784
8784
8785
8801
8805
8805
8807
8808
8808
8814
8816
8817
8822
8832
8836
8847
8850
8853
8856
8865
8866
8870
8871
8877
8881
8881
8886
8886
8886
8900
8903
8907
8910
8913
8919
8920
8921
8923
8928
8930
8931
8932
8933
8933
8933
8935
8935
8938
8945
8946
8948
8950
8959
8960
8962
8964
8969
8975
8975
8978
8984
8986
8997
9002
9003
9004
9008
9008
9012
9012
9019
9019
9020
9028
9028
9029
9029
9036
9038
9039
9040
9045
9046
9051
9053
9059
9062
9066
9069
9069
9072
9073
9075
9082
9088
9089
9093
9101
9108
9113
9119
9119
9125
9133
9135
9136
9139
9141
9146
9147
9149
9152
9158
9159
9161
9164
9164
9164
9164
9177
9178
9178
9180
9182
9183
9190
9192
9201
9204
9206
9206
9211
9215
9216
9220
9222
9222
9223
9225
9227
9232
9233
9236
9237
9241
9244
9246
9248
9248
9250
9253
9260
9262
9263
9273
9273
9284
9285
9290
9291
9295
9296
9296
9297
9299
9301
9303
9304
9307
9314
9322
9322
9323
9326
9327
9330
9338
9339
9343
9351
9356
9356
9367
9373
9376
9377
9377
9387
9391
9393
9400
9402
9407
9407
9408
9408
9411
9422
9424
9425
9426
9427
9429
9429
9430
9432
9433
9437
9439
9441
9441
9444
9445
9445
9451
9453
9453
9453
9455
9458
9463
9464
9468
9469
9475
9477
9484
9484
9485
9491
9497
9510
9513
9513
9514
9515
9516
9520
9534
9539
9540
9541
9543
9545
9553
9568
9573
9577
9584
9587
9591
9593
9595
9598
9605
9607
9610
9613
9626
9627
9634
9635
9637
9638
9640
9646
9648
9648
9649
9651
9657
9665
9669
9670
9670
9675
9676
9680
9684
9685
9689
9691
9716
9716
9716
9718
9719
9720
9724
9729
9730
9731
9732
9736
9739
9741
9741
9743
9743
9746
9750
9751
9757
9758
9758
9767
9769
9770
9771
9777
9777
9779
9790
9793
9794
9799
9811
9814
9816
9817
9817
9818
9820
9823
9833
9834
9839
9839
9841
9843
9843
9848
9865
9867
9870
9872
9877
9877
9877
9881
9885
9886
9886
9888
9898
9905
9908
9909
9914
9916
9919
9920
9925
9929
9937
9938
9941
9950
9960
9960
9963
9967
9975
9976
9979
9980
9980
9981
10002
10002
10003
10009
10010
10010
10011
10012
10013
10028
10029
10032
10035
10036
10040
10041
10042
10045
10046
10046
10048
10051
10052
10054
10056
10056
10060
10061
10075
10076
10080
10084
10085
10088
10094
10101
10105
10106
10106
10112
10117
10121
10126
10129
10134
10135
10142
10145
10151
10156
10159
10162
10166
10172
10176
10182
10186
10190
10193
10195
10201
10204
10205
10222
10227
10227
10228
10230
10232
10234
10240
10241
10247
10249
10249
10250
10250
10251
10254
10258
10262
10270
10275
10275
10275
10277
10281
10284
10290
10296
10302
10309
10317
10318
10322
10322
10323
10337
10338
10344
10345
10354
10357
10359
10363
10364
10371
10373
10373
10375
10375
10394
10398
10398
10398
10401
10401
10404
10407
10409
10409
10410
10415
10420
10421
10423
10423
10424
10426
10428
10431
10431
10433
10436
10438
10441
10443
10447
10447
10452
10458
10458
10459
10460
10460
10464
10467
10467
10474
10476
10479
10482
10482
10483
10484
10486
10489
10491
10497
10503
10504
10507
10513
10514
10514
10517
10522
10526
10529
10530
10530
10531
10536
10536
10536
10538
10541
10542
10544
10544
10545
10551
10560
10563
10563
10564
10565
10566
10572
10575
10579
10583
10586
10591
10596
10596
10597
10599
10601
10601
10611
10616
10622
10623
10624
10625
10644
10649
10654
10654
10655
10655
10660
10662
10665
10670
10681
10682
10682
10684
10690
10694
10696
10697
10702
10702
10702
10705
10706
10708
10708
10711
10715
10715
10718
10720
10726
10726
10727
10733
10734
10736
10740
10740
10741
10741
10754
10758
10764
10765
10766
10768
10769
10774
10778
10782
10785
10787
10788
10799
10799
10801
10806
10812
10813
10817
10818
10822
10829
10830
10833
10836
10839
10841
10842
10853
10855
10868
10869
10871
10873
10878
10880
10881
10889
10890
10894
10900
10902
10907
10910
10911
10913
10913
10914
10919
10928
10935
10938
10940
10944
10947
10955
10965
10967
10969
10975
10975
10979
10983
10985
10987
10988
10989
10993
11001
11005
11007
11010
11012
11012
11013
11014
11018
11018
11032
11033
11039
11044
11047
11049
11049
11054
11057
11058
11059
11060
11061
11062
11063
11063
11067
11068
11082
11095
11096
11096
11106
11108
11117
11119
11121
11122
11123
11129
11135
11140
11146
11147
11148
11148
11149
11153
11158
11167
11170
11174
11176
11177
11193
11194
11194
11194
11195
11196
11197
11200
11204
11204
11204
11207
11210
11211
11212
11213
11219
11219
11219
11223
11224
11226
11227
11228
11233
11234
11238
11241
11242
11243
11246
11249
11250
11250
11261
11266
11266
11266
11268
11273
11277
11280
11283
11283
11284
11286
11288
11298
11301
11306
11309
11317
11320
11322
11328
11331
11336
11342
11342
11343
11347
11349
11351
11357
11360
11362
11370
11370
11371
11373
11376
11377
11378
11384
11386
11387
11398
11399
11408
11409
11412
11416
11416
11421
11426
11430
11435
11435
11439
11441
11442
11446
11447
11448
11451
11454
11458
11459
11460
11461
11487
11490
11493
11496
11500
11509
11509
11509
11513
11518
11526
11535
11535
11545
11547
11548
11549
11551
11553
11553
11555
11557
11561
11570
11571
11572
11573
11575
11576
11581
11584
11589
11599
11599
11603
11605
11610
11611
11612
11613
11616
11625
11626
11632
11636
11638
11639
11640
11643
11644
11646
11658
11659
11661
11664
11665
11666
11667
11668
11669
11670
11671
11678
11683
11687
11691
11691
11691
11691
11699
11699
11701
11703
11708
11711
11716
11716
11718
11719
11719
11720
11729
11733
11735
11736
11742
11745
11747
11751
11751
11752
11754
11762
11765
11766
11779
11781
11783
11785
11797
11799
11801
11804
11813
11814
11825
11828
11829
11830
11830
11837
11838
11838
11840
11840
11840
11841
11844
11847
11850
11852
11854
11857
11862
11863
11868
11868
11869
11870
11872
11879
11879
11881
11881
11891
11892
11894
11903
11903
11904
11906
11907
11907
11912
11913
11914
11914
11916
11918
11918
11921
11930
11932
11932
11934
11935
11935
11938
11940
11942
11960
11960
11965
11967
11967
11973
11981
11983
11983
11985
11999
12008
12009
12009
12010
12013
12017
12019
12023
12027
12028
12039
12040
12045
12049
12050
12050
12057
12058
12059
12063
12066
12068
12071
12075
12075
12080
12081
12082
12086
12086
12087
12093
12103
12104
12105
12106
12115
12116
12118
12120
12121
12122
12127
12137
12139
12139
12144
12149
12149
12153
12154
12157
12157
12158
12165
12181
12186
12187
12194
12197
12200
12200
12201
12209
12209
12209
12213
12216
12216
12216
12218
12220
12220
12224
12225
12228
12231
12234
12238
12238
12239
12244
12247
12247
12250
12255
12256
12258
12259
12263
12266
12267
12269
12272
12281
12281
12283
12289
12297
12298
12302
12306
12309
12320
12320
12320
12321
12327
12329
12334
12334
12345
12348
12350
12352
12353
12355
12359
12362
12362
12364
12368
12369
12369
12378
12378
12382
12385
12390
12398
12399
12403
12408
12408
12410
12413
12415
12418
12420
12421
12432
12435
12436
12439
12442
12443
12444
12444
12451
12452
12455
12458
12459
12464
12466
12471
12473
12479
12481
12486
12487
12490
12495
12501
12502
12505
12505
12509
12517
12518
12525
12559
12562
12563
12564
12570
12573
12577
12579
12580
12582
12582
12586
12587
12595
12598
12599
12600
12612
12618
12620
12624
12624
12628
12628
12635
12639
12640
12644
12646
12650
12657
12659
12662
12669
12670
12676
12680
12682
12688
12690
12691
12692
12698
12698
12699
12703
12704
12708
12719
12722
12725
12732
12733
12739
12743
12747
12747
12749
12758
12761
12762
12763
12768
12769
12770
12773
12774
12785
12787
12788
12790
12791
12791
12799
12810
12814
12817
12818
12821
12821
12830
12830
12835
12838
12838
12846
12852
12852
12852
12853
12857
12864
12866
12867
12870
12873
12877
12877
12881
12888
12888
12893
12901
12902
12905
12909
12909
12916
12918
12926
12926
12930
12930
12931
12940
12948
12951
12951
12954
12955
12960
12965
12967
12969
12972
12973
12975
12978
12978
12985
12989
12999
13000
13001
13007
13014
13017
13025
13026
13028
13031
13038
13038
13043
13044
13046
13057
13061
13062
13064
13065
13075
13082
13084
13089
13095
13099
13100
13103
13109
13111
13116
13120
13127
13128
13132
13138
13144
13158
13159
13168
13171
13172
13173
13173
13173
13173
13174
13176
13177
13178
13179
13182
13183
13186
13194
13195
13208
13215
13225
13227
13230
13231
13233
13234
13234
13238
13260
13263
13264
13265
13272
13273
13274
13275
13282
13283
13285
13286
13289
13291
13293
13295
13298
13298
13303
13305
13313
13315
13317
13320
13321
13324
13327
13331
13336
13337
13340
13343
13345
13348
13350
13351
13355
13357
13358
13360
13361
13366
13372
13373
13375
13378
13380
13383
13383
13384
13385
13385
13389
13394
13405
13406
13407
13412
13418
13424
13429
13430
13431
13432
13448
13448
13449
13450
13463
13466
13471
13472
13472
13474
13476
13480
13483
13486
13486
13490
13493
13494
13498
13508
13514
13518
13522
13524
13526
13527
13532
13532
13533
13543
13546
13551
13552
13555
13559
13559
13564
13571
13572
13573
13575
13576
13579
13584
13589
13592
13594
13596
13598
13603
13610
13611
13612
13613
13617
13620
13629
13629
13631
13637
13645
13648
13649
13650
13654
13655
13658
13658
13661
13665
13666
13670
13674
13674
13676
13679
13683
13691
13693
13696
13697
13697
13697
13705
13710
13712
13713
13715
13718
13718
13719
13719
13720
13721
13723
13723
13726
13728
13731
13735
13735
13736
13737
13738
13744
13746
13749
13751
13754
13761
13762
13765
13765
13766
13777
13785
13785
13786
13791
13792
13797
13797
13800
13802
13805
13806
13808
13812
13812
13826
13828
13829
13836
13838
13843
13844
13844
13848
13848
13855
13858
13859
13862
13876
13877
13882
13885
13887
13887
13887
13888
13900
13901
13902
13907
13910
13916
13917
13918
13918
13920
13925
13926
13930
13933
13935
13937
13940
13940
13950
13952
13953
13954
13955
13956
13962
13967
13971
13986
13987
13989
13999
14000
14003
14005
14006
14010
14010
14012
14013
14014
14019
14023
14029
14039
14041
14049
14049
14049
14052
14054
14056
14056
14061
14061
14065
14083
14087
14087
14089
14092
14093
14095
14096
14104
14114
14114
14115
14115
14115
14116
14119
14120
14120
14126
14127
14128
14135
14136
14139
14140
14141
14141
14142
14144
14145
14155
14155
14159
14165
14171
14172
14173
14173
14179
14182
14184
14185
14188
14190
14191
14195
14197
14198
14199
14200
14202
14203
14206
14208
14231
14240
14241
14245
14247
14250
14251
14259
14260
14265
14267
14271
14281
14282
14282
14283
14285
14289
14291
14299
14310
14312
14319
14320
14325
14329
14330
14331
14333
14338
14348
14349
14353
14356
14359
14361
14367
14369
14370
14376
14388
14391
14392
14400
14403
14404
14409
14409
14411
14421
14423
14424
14425
14428
14431
14433
14442
14450
14450
14453
14453
14454
14454
14455
14455
14460
14462
14473
14473
14475
14479
14484
14487
14490
14490
14492
14493
14493
14494
14498
14500
14500
14500
14501
14501
14502
14517
14522
14523
14523
14523
14527
14533
14538
14538
14546
14546
14548
14549
14552
14552
14560
14563
14564
14568
14570
14571
14576
14577
14588
14588
14590
14591
14591
14594
14596
14607
14608
14614
14616
14617
14618
14620
14621
14625
14632
14637
14639
14649
14650
14651
14653
14658
14659
14668
14673
14677
14680
14682
14682
14682
14683
14685
14688
14691
14694
14705
14706
14711
14715
14715
14716
14718
14719
14720
14724
14728
14728
14732
14736
14738
14739
14743
14744
14756
14759
14763
14765
14766
14768
14770
14772
14772
14776
14780
14782
14785
14789
14790
14792
14797
14801
14802
14813
14814
14816
14819
14820
14827
14832
14836
14836
14838
14843
14847
14855
14857
14861
14862
14865
14867
14873
14875
14877
14878
14879
14886
14887
14891
14891
14893
14900
14903
14919
14927
14927
14928
14930
14931
14933
14938
14939
14946
14947
14956
14964
14965
14966
14968
14974
14978
14982
14988
14988
14992
14993
15008
15012
15030
15034
15034
15035
15043
15043
15046
15058
15060
15064
15067
15070
15075
15078
15078
15080
15081
15084
15085
15093
15095
15097
15107
15110
15110
15112
15113
15114
15116
15119
15120
15121
15122
15123
15137
15139
15140
15148
15156
15156
15157
15160
15161
15164
15167
15169
15173
15176
15178
15182
15194
15196
15201
15202
15204
15205
15208
15210
15211
15214
15214
15214
15215
15216
15218
15237
15237
15239
15240
15240
15243
15244
15246
15250
15251
15252
15258
15258
15264
15271
15272
15274
15282
15282
15284
15285
15289
15290
15293
15297
15301
15303
15304
15305
15307
15313
15316
15325
15334
15335
15336
15337
15340
15341
15353
15358
15361
15361
15365
15367
15371
15371
15375
15379
15385
15399
15400
15402
15403
15405
15411
15413
15422
15424
15424
15426
15427
15429
15435
15442
15443
15448
15450
15460
15461
15468
15474
15480
15481
15487
15497
15501
15505
15513
15518
15524
15524
15528
15530
15535
15535
15537
15537
15540
15545
15547
15551
15551
15559
15564
15575
15592
15598
15599
15604
15605
15607
15610
15615
15616
15617
15631
15635
15636
15637
15646
15653
15663
15663
15665
15665
15665
15667
15667
15668
15670
15674
15675
15677
15677
15688
15689
15691
15692
15697
15697
15708
15710
15711
15714
15717
15723
15725
15730
15736
15739
15742
15745
15750
15751
15753
15755
15760
15760
15762
15762
15762
15763
15768
15769
15785
15786
15787
15788
15790
15791
15791
15793
15794
15796
15796
15799
15799
15801
15806
15807
15812
15813
15817
15820
15824
15826
15826
15829
15841
15843
15843
15852
15854
15857
15869
15869
15872
15874
15878
15879
15885
15887
15887
15888
15888
15894
15912
15914
15918
15919
15921
15923
15930
15932
15939
15944
15948
15957
15958
15967
15970
15973
15975
15978
15979
15981
15981
15988
15989
15997
15999
16006
16006
16008
16020
16021
16022
16024
16024
16035
16037
16042
16042
16056
16061
16085
16086
16088
16088
16093
16099
16099
16102
16104
16104
16105
16107
16115
16116
16118
16120
16122
16123
16127
16131
16131
16134
16138
16140
16141
16142
16142
16145
16145
16147
16150
16154
16161
16161
16172
16174
16186
16187
16198
16198
16201
16205
16206
16208
16209
16216
16221
16223
16223
16224
16226
16228
16229
16235
16238
16238
16241
16244
16245
16246
16246
16250
16254
16260
16264
16268
16269
16269
16272
16274
16276
16278
16279
16279
16280
16283
16285
16287
16288
16293
16294
16294
16295
16296
16300
16301
16302
16303
16309
16309
16318
16319
16319
16319
16320
16322
16323
16324
16324
16332
16335
16336
16336
16341
16343
16346
16352
16353
16354
16362
16366
16373
16374
16376
16376
16381
16382
